0.2 0.010858388957804162
0.3 0.03174263757927952
0.4 0.03451006349490535
0.43333333333333335 0.03977284640646709
0.2 0.024365079365079364
0.36666666666666664 0.02936456808489832
0.23333333333333334 0.024482758620689653
0.3 0.01751615494055444
0.23333333333333334 0.01125070251486007
0.3 0.02957586868405581
0.43333333333333335 0.029391332585864165
0.43333333333333335 0.039044897597529174
0.4 0.027320271512737325
0.16666666666666666 0.01212750918857789
0.4666666666666667 0.0413093124370162
0.26666666666666666 0.02066672434319493
0.3333333333333333 0.03158109379017307
0.26666666666666666 0.0187377402039111
0.26666666666666666 0.015354218135951883
0.06666666666666667 0.008333333333333333
0.3333333333333333 0.027347883597883593
0.23333333333333334 0.014621495531748248
0.36666666666666664 0.021794143431195564
0.16666666666666666 0.006224641147321559
0.2 0.012531577773238137
0.4666666666666667 0.034785557779073085
0.43333333333333335 0.03243268253656238
0.23333333333333334 0.01458040392152725
0.26666666666666666 0.023407697192691593
0.16666666666666666 0.015338164251207731
0.2 0.013606006952587358
0.36666666666666664 0.034290351072426103
0.36666666666666664 0.03148870482915757
0.23333333333333334 0.01565772669220945
0.3333333333333333 0.02227498395780257
0.26666666666666666 0.018970057720057717
0.3 0.026194615031824336
0.23333333333333334 0.019546642899584073
0.26666666666666666 0.025295311923218898
0.43333333333333335 0.0245024567735596
0.26666666666666666 0.01731977736363701
0.26666666666666666 0.012509457451832417
0.26666666666666666 0.02190670864217775
0.3333333333333333 0.03537249787249787
0.3 0.021690650236702868
0.16666666666666666 0.013561329737800326
0.2 0.018141643709825527
0.3333333333333333 0.029898431461898956
0.26666666666666666 0.021587094457907855
0.3 0.017069528681284852
0.26666666666666666 0.018245013934816177
0.4 0.027827184825428716
0.23333333333333334 0.01671692368094255
0.26666666666666666 0.02097712822992403
0.3333333333333333 0.01234341749199223
0.4 0.030074216466976774
0.23333333333333334 0.020714848143982
0.3333333333333333 0.01876588704864963
0.3333333333333333 0.022312831450310735
0.3333333333333333 0.021992451361507393
0.3333333333333333 0.030961320698492157
0.26666666666666666 0.024839234839234836
0.4 0.03343439153143626
0.23333333333333334 0.016606652863326063
0.26666666666666666 0.01909322796901035
0.3 0.017386906313545517
0.3333333333333333 0.025681429404591404
0.4 0.04058543136182888
0.26666666666666666 0.02208648127640375
0.36666666666666664 0.01652532014543139
0.3 0.024406848916439596
0.43333333333333335 0.03048351880617025
0.3333333333333333 0.023821849446849442
0.26666666666666666 0.014891641641641641
0.3333333333333333 0.02680743058243653
0.26666666666666666 0.0191516354016354
0.3 0.030317993684929163
0.3333333333333333 0.029057725731954406
0.3333333333333333 0.017825048044052445
0.3333333333333333 0.029413835053643433
0.3 0.012971508175516594
0.23333333333333334 0.013956427170712885
0.16666666666666666 0.007600721816408091
0.36666666666666664 0.029022009727962147
0.23333333333333334 0.01611977204082467
0.3333333333333333 0.025316215115163365
0.23333333333333334 0.01852434457669212
0.2 0.01757799671592775
0.3333333333333333 0.02590788840788841
0.26666666666666666 0.013960008954848996
0.2 0.015203765227021042
0.43333333333333335 0.044394330569029354
0.3333333333333333 0.020070433841633498
0.16666666666666666 0.011022546625487802
0.3 0.02466562610034633
0.1 0.004750000000000001
0.3 0.018213732948032465
0.3333333333333333 0.0289959114959115
0.4 0.03286447041938924
0.3333333333333333 0.02135316288485244
0.4666666666666667 0.03391238876021743
0.4 0.023097476237691116
0.13333333333333333 0.006529884032114183
0.26666666666666666 0.026197723844782663
0.3 0.026644172820643408
0.3 0.026698070448070446
0.4 0.03100254659366992
0.2 0.012444444444444444
0.26666666666666666 0.016737401740227854
0.26666666666666666 0.016262560462286864
0.36666666666666664 0.03341589722308677
0.26666666666666666 0.010623725634288676
0.3 0.030209136597417197
0.23333333333333334 0.00742428299760341
0.3 0.016377123255543417
0.3 0.024155778259226532
0.26666666666666666 0.02492063492063492
0.23333333333333334 0.018507754121137022
0.16666666666666666 0.01533757338551859
0.3 0.02454155471388192
0.2 0.013597110468844271
0.26666666666666666 0.012774098438992056
0.3333333333333333 0.017225048672524133
0.26666666666666666 0.01336689281731279
0.3 0.03428571428571429
0.3333333333333333 0.020807397648569124
0.43333333333333335 0.033152780424793006
0.1 0.008919696036147054
0.23333333333333334 0.014201299247535458
0.13333333333333333 0.01091950030680884
0.23333333333333334 0.018156577725158714
0.3333333333333333 0.022801815021377268
0.26666666666666666 0.018508974922018397
0.36666666666666664 0.026647792024177722
0.16666666666666666 0.01920634920634921
0.23333333333333334 0.022072908259348937
0.2 0.017124649859943976
0.3333333333333333 0.02352147908571851
0.2 0.020570213070213065
0.23333333333333334 0.012174792505631185
0.23333333333333334 0.008138851907997412
0.16666666666666666 0.014894894894894893
0.4 0.04301616284949618
0.3333333333333333 0.027922785275726454
0.3 0.015132686575891048
0.3333333333333333 0.035916259666259664
0.26666666666666666 0.011452782529864888
0.06666666666666667 0.003076923076923077
0.23333333333333334 0.013995654289257486
0.4666666666666667 0.030737153359100326
0.4 0.038762018166372286
0.3 0.027742117171251027
0.2 0.01221696920509977
0.3333333333333333 0.027348675526424882
0.36666666666666664 0.03132852403232837
0.26666666666666666 0.015549613655750204
0.23333333333333334 0.01811057846076495
0.26666666666666666 0.013309672154064402
0.26666666666666666 0.02119065304929326
0.26666666666666666 0.010847021770510158
0.4 0.032724955804665945
0.36666666666666664 0.022805067836366728
0.3 0.031042969376302708
0.3333333333333333 0.02180092816042186
0.23333333333333334 0.017466232418622094
0.13333333333333333 0.01094639113507038
0.3333333333333333 0.014208590574828069
0.26666666666666666 0.02989895906562573
0.26666666666666666 0.012821308237284073
0.3333333333333333 0.03046290995062253
0.3333333333333333 0.022180746023360617
0.3333333333333333 0.022858021132624726
0.43333333333333335 0.03137446611994962
0.2 0.007087950987876026
0.36666666666666664 0.030849973613131507
0.2 0.022133531270221916
0.4 0.036849554422134966
0.4 0.025968515274098526
0.2 0.018712370681762878
0.26666666666666666 0.024909678586149172
0.23333333333333334 0.014310595328901965
0.16666666666666666 0.010803571428571428
0.3333333333333333 0.018953634085213035
0.3333333333333333 0.022769031176273918
0.23333333333333334 0.011525061912058817
0.4 0.03197756130991641
0.3333333333333333 0.035917690190946004
0.3 0.023026468967174665
0.3333333333333333 0.027771625641766252
0.3333333333333333 0.017634292761227115
0.26666666666666666 0.016803328502683713
0.13333333333333333 0.016254578754578756
0.16666666666666666 0.01019602588246656
0.2 0.02221623240491165
0.36666666666666664 0.014583542979049987
0.36666666666666664 0.020221036598229578
0.4 0.024200518939957203
0.2 0.014009219219716759
0.16666666666666666 0.008749447897164971
0.3 0.023318075556736127
0.23333333333333334 0.008682869264754546
0.3 0.02406287820765187
0.26666666666666666 0.022826204296792534
0.26666666666666666 0.02214793459352674
0.4 0.031424881365179874
0.4 0.03122890384176295
0.3 0.01908865825532492
0.2 0.01651936026936027
0.26666666666666666 0.026447811447811442
0.3 0.018910890901293866
0.26666666666666666 0.021410199287392264
0.3 0.01943882429168224
0.36666666666666664 0.025919728306725207
0.3 0.02258302566451972
0.26666666666666666 0.011202192003656115
0.3 0.0356577908464701
0.2 0.019107744107744108
0.2 0.007086404420521471
0.23333333333333334 0.021543758385863646
0.3333333333333333 0.018860235857894526
0.2 0.00849259373659032
0.3333333333333333 0.03724206349206349
0.23333333333333334 0.015135190036208135
0.43333333333333335 0.030390950517229287
0.43333333333333335 0.021885275896678037
0.16666666666666666 0.018400940623162842
0.3333333333333333 0.026045855482154774
0.3 0.03628747795414462
0.13333333333333333 0.0076580734736763105
0.3 0.017765068738427404
0.3 0.028044804256888996
0.3 0.018065911712593714
0.5 0.04076290464599834
0.36666666666666664 0.028958804357371585
0.3333333333333333 0.032125502728951
0.16666666666666666 0.014683402346445825
0.3333333333333333 0.02238232554566493
0.2 0.02151515151515151
0.3333333333333333 0.028829607892107888
0.36666666666666664 0.03473302253337454
0.23333333333333334 0.01172675324505988
0.13333333333333333 0.012873482726423902
0.2 0.01537487974987975
0.3333333333333333 0.025689109365579953
0.26666666666666666 0.016199463910109933
0.3 0.016283472098873104
0.23333333333333334 0.020041712337108757
0.13333333333333333 0.0104631507775524
0.23333333333333334 0.02633522783710518
0.23333333333333334 0.019272014361300074
0.26666666666666666 0.02002314522429465
0.36666666666666664 0.03078452550674773
0.4666666666666667 0.030035456474385696
0.36666666666666664 0.022553563566932232
0.36666666666666664 0.013086874745344982
0.36666666666666664 0.03138429140333499
0.26666666666666666 0.03002101665894769
0.3 0.01648932193345453
0.3333333333333333 0.024100061421508365
0.26666666666666666 0.0128377167638205
0.36666666666666664 0.032280439445856436
0.3333333333333333 0.028293825311182533
0.23333333333333334 0.021705246913580244
0.4 0.02666087505225896
0.3 0.022197546750682307
0.3333333333333333 0.022491113681750004
0.3 0.023505734192033487
0.3 0.0326900533034362
0.23333333333333334 0.016101456633531668
0.36666666666666664 0.027313927978762028
0.36666666666666664 0.022491983201716984
0.3333333333333333 0.035611946532999164
0.3 0.019579177435140326
0.23333333333333334 0.026798941798941798
0.23333333333333334 0.0186604881247416
0.4 0.038660406603236434
0.23333333333333334 0.02595515595515595
0.26666666666666666 0.01753545848271929
0.26666666666666666 0.014424879683657611
0.23333333333333334 0.024380119880119882
0.4 0.029855698320112745
0.26666666666666666 0.024191281243363536
0.3333333333333333 0.02588953444216602
0.3 0.024473083040857976
0.16666666666666666 0.014735449735449735
0.13333333333333333 0.014713309566250743
0.43333333333333335 0.025002410535655765
0.23333333333333334 0.016717449132223314
0.2 0.01667262969588551
0.23333333333333334 0.020268862177128606
0.3333333333333333 0.03300445074638623
0.43333333333333335 0.026478414554301947
0.3 0.020288535920995426
0.36666666666666664 0.034339315278541796
0.23333333333333334 0.011524708235234552
0.3 0.0398015873015873
0.36666666666666664 0.030567737447851698
0.2 0.011076141315111901
0.3333333333333333 0.025422524804910043
0.3 0.019445502319436276
0.4 0.020068323339535683
0.3 0.016501018961545277
0.2 0.013836878328951752
0.4 0.033724000590634046
0.36666666666666664 0.03093794556492705
0.3333333333333333 0.037700561849498014
0.3 0.020713277693530784
0.3333333333333333 0.03182334618954337
0.26666666666666666 0.009331766948436135
0.3 0.02669386007105305
0.36666666666666664 0.0336287622795871
0.36666666666666664 0.02735178208144494
0.2 0.0076261666758445324
0.3 0.01853433603433603
0.23333333333333334 0.004996088813854727
0.3 0.017406035053575904
0.2 0.01123830409356725
0.23333333333333334 0.017610593261527033
0.3333333333333333 0.02140171833170789
0.3333333333333333 0.021050203235416027
0.23333333333333334 0.012054117445422669
0.36666666666666664 0.01565038186761398
0.3 0.025546536796536796
0.13333333333333333 0.005549714861540367
0.26666666666666666 0.02388650757294825
0.26666666666666666 0.011642013758737017
0.06666666666666667 0.007516339869281045
0.26666666666666666 0.022917517386909576
0.26666666666666666 0.020287742493624847
0.4666666666666667 0.039427599187127314
0.3333333333333333 0.01999583415476088
0.4666666666666667 0.02804554922201981
0.43333333333333335 0.0338460492852758
0.23333333333333334 0.01998480400877661
0.3333333333333333 0.026818728006087016
0.3 0.0321811977609079
0.2 0.016840180516651104
0.36666666666666664 0.03498112998112998
0.4666666666666667 0.02537852121654068
0.23333333333333334 0.01762738330046022
0.2 0.016586308903382075
0.23333333333333334 0.01234174769909819
0.2 0.020859788359788356
0.3333333333333333 0.019796778788714275
0.2 0.016361329239236215
0.3333333333333333 0.027644715081764002
0.23333333333333334 0.012911411974879468
0.3 0.029613682248770447
0.23333333333333334 0.021529518240044558
0.3 0.02687355786993468
0.26666666666666666 0.022059884559884557
0.43333333333333335 0.026858450393199902
0.36666666666666664 0.016563005016760717
0.3 0.02848197963235914
0.3 0.025201340527427486
0.2 0.01685966810966811
0.3333333333333333 0.03675595238095238
0.16666666666666666 0.01153342381350622
0.1 0.0047361809045226135
0.26666666666666666 0.030077330077330076
0.5666666666666667 0.033782374129779025
0.3 0.011030620487223397
0.4 0.021333993871397488
0.13333333333333333 0.009914883827927304
0.3 0.020869943141226026
0.36666666666666664 0.027761949250844877
0.36666666666666664 0.028662573704194123
0.1 0.010595238095238095
0.4 0.03335642406034054
0.26666666666666666 0.030686813186813187
0.4 0.031111467859694802
0.23333333333333334 0.016791729512317746
0.2 0.014841221296225502
0.36666666666666664 0.02796566139977675
0.23333333333333334 0.024647435897435895
0.3 0.030959010620197465
0.3333333333333333 0.022068649037462425
0.23333333333333334 0.01637854349951124
0.3333333333333333 0.017648551891746085
0.3333333333333333 0.027206827769086558
0.36666666666666664 0.0211821117002596
0.13333333333333333 0.003470820199644031
0.26666666666666666 0.02015971288312907
0.4 0.03390619492609883
0.36666666666666664 0.03967354520800222
0.3 0.024938455429819335
0.3 0.014875255064324626
0.2 0.011075882565819328
0.3 0.025499206675677264
0.23333333333333334 0.013617058506511502
0.26666666666666666 0.014258370532214992
0.23333333333333334 0.01152646675679996
0.5 0.04842758053284369
0.43333333333333335 0.03774289630309897
0.36666666666666664 0.030281066140528626
0.3 0.025608426396469874
0.23333333333333334 0.01402311251848289
0.3 0.02240191082213363
0.3 0.018558897281552408
0.4 0.03028778862112195
0.36666666666666664 0.019343451379400738
0.26666666666666666 0.02455207755207755
0.3333333333333333 0.0256923156329549
0.3333333333333333 0.02325118097629946
0.3333333333333333 0.01900478150901485
0.3333333333333333 0.02312499624530987
0.5333333333333333 0.043678715441646476
0.3333333333333333 0.026535483035483032
0.36666666666666664 0.02143038039160689
0.26666666666666666 0.01704811499457552
0.16666666666666666 0.005094415316524611
0.26666666666666666 0.030716594417826447
0.36666666666666664 0.035095393713040775
0.3333333333333333 0.028334435626102293
0.3333333333333333 0.026919401891446617
0.4666666666666667 0.024904296751916653
0.26666666666666666 0.020169001744889135
0.3333333333333333 0.0279607330954808
0.26666666666666666 0.017512873226029808
0.13333333333333333 0.01005249343832021
0.36666666666666664 0.027182004176550336
0.36666666666666664 0.03216297169070235
0.36666666666666664 0.0354117119280232
0.3 0.03525725232621784
0.3333333333333333 0.026807146288214574
0.3333333333333333 0.03241267924238938
0.3 0.012410762611949138
0.23333333333333334 0.01834077788821622
0.36666666666666664 0.035653000966468465
0.4666666666666667 0.035238582292245864
0.2 0.012098293747229918
0.3333333333333333 0.024477513227513226
0.3333333333333333 0.028305048969942584
0.26666666666666666 0.020244011445243473
0.26666666666666666 0.017416131626657946
0.3 0.029022789604283658
0.3 0.020022197362660196
0.3333333333333333 0.014667885703619902
0.3333333333333333 0.027960332536027387
0.3 0.026810110109118497
0.13333333333333333 0.012314814814814813
0.3 0.02780502158709662
0.26666666666666666 0.023601323007835615
0.3333333333333333 0.02936058333029647
0.3 0.015113388674396632
0.3333333333333333 0.020891419683589034
0.16666666666666666 0.008502935287929688
0.2 0.02415975837028468
0.3333333333333333 0.01601899127241295
0.13333333333333333 0.008918633046540024
0.13333333333333333 0.011882716049382715
0.26666666666666666 0.020322939815609068
0.2 0.015412087912087908
0.26666666666666666 0.013382598474435273
0.26666666666666666 0.017503319357539304
0.3 0.028382790049456718
0.26666666666666666 0.013505078334072548
0.23333333333333334 0.01923251977015418
0.3333333333333333 0.033166555666555665
0.36666666666666664 0.027607204558285903
0.23333333333333334 0.017952565298288863
0.3333333333333333 0.025165180139718413
0.3 0.021623030959813216
0.13333333333333333 0.010105933282403869
0.43333333333333335 0.03910785685236864
0.36666666666666664 0.026987997669112217
0.3 0.030595509893455098
0.3 0.02543191855776745
0.16666666666666666 0.012366068596185244
0.23333333333333334 0.02365441234392847
0.43333333333333335 0.023263325535882475
0.43333333333333335 0.029066819177175705
0.4 0.03838911846658025
0.2 0.010018226369095022
0.3333333333333333 0.029963624338624335
0.4666666666666667 0.03421022693600524
0.36666666666666664 0.024939911437137145
0.43333333333333335 0.028087025098893003
0.23333333333333334 0.02102238340008602
0.16666666666666666 0.008065018152737451
0.23333333333333334 0.016800672988331433
0.23333333333333334 0.02156204906204906
0.23333333333333334 0.012852263205204382
0.2 0.012129012121021151
0.2 0.013111773634386956
0.4666666666666667 0.028784570286763272
0.23333333333333334 0.021085858585858586
0.2 0.018147034252297408
0.3 0.023970683728036665
0.23333333333333334 0.012044717368832412
0.16666666666666666 0.006707032188563732
0.3333333333333333 0.020101397037041835
0.23333333333333334 0.025060726310726308
0.3 0.0182686352632903
0.3333333333333333 0.01706267263332763
0.36666666666666664 0.022485529461868305
0.43333333333333335 0.021383879846235982
0.23333333333333334 0.012740415308646912
0.3333333333333333 0.024588655879639484
0.4 0.032886408947299176
0.3333333333333333 0.02981417489614211
0.3333333333333333 0.023210833904308337
0.3 0.025166951668829016
0.4 0.02776664002956647
0.1 0.010185185185185186
0.3 0.02837722462722463
0.26666666666666666 0.01921011676425062
0.4 0.024525541444227673
0.16666666666666666 0.015437788018433178
0.23333333333333334 0.021932457295382745
0.1 0.010714285714285713
0.4 0.04431371098037764
0.2 0.014634067820342331
0.23333333333333334 0.01949023199023199
0.3333333333333333 0.027426889157658386
0.23333333333333334 0.02426739926739927
0.26666666666666666 0.02270868612973876
0.26666666666666666 0.023691593229636706
0.13333333333333333 0.008422939068100358
0.23333333333333334 0.010230906744153816
0.2 0.016361046136667726
0.43333333333333335 0.03764158499452617
0.5 0.02760652386226772
0.36666666666666664 0.021808949621448758
0.26666666666666666 0.019217801080546174
0.16666666666666666 0.010166298325928932
0.5666666666666667 0.03810567442400405
0.16666666666666666 0.0179265873015873
0.13333333333333333 0.013304311774461028
0.26666666666666666 0.021627514412508812
0.13333333333333333 0.007424058551820808
0.16666666666666666 0.013184430265075427
0.26666666666666666 0.017393562150089636
0.3 0.017766043516043516
0.1 0.009538239538239538
0.26666666666666666 0.011990845883906538
0.3333333333333333 0.03291971840396931
0.2 0.008520135105630535
0.36666666666666664 0.029423736572547547
0.4 0.028229557479557476
0.16666666666666666 0.01449963435257553
0.36666666666666664 0.02036177148719142
0.3 0.026624456071736868
0.5333333333333333 0.048747058515420376
0.43333333333333335 0.03354392692309149
0.3333333333333333 0.021823542757339203
0.2 0.013220503111807457
0.23333333333333334 0.01203630722244751
0.26666666666666666 0.014437568156521486
0.3333333333333333 0.03201653427751412
0.3333333333333333 0.023679116824927036
0.3 0.03194008085312433
0.3 0.0220768722161911
0.23333333333333334 0.017445054945054946
0.23333333333333334 0.013113648938812339
0.3333333333333333 0.024498464498464496
0.3 0.020705749354005168
0.16666666666666666 0.02445887445887446
0.23333333333333334 0.016096128451816058
0.4 0.02541650510115209
0.26666666666666666 0.028775976202446787
0.23333333333333334 0.022129629629629624
0.3 0.017609412137645653
0.36666666666666664 0.0334944554944555
0.3 0.01288745647266715
0.26666666666666666 0.02082675854307776
0.36666666666666664 0.02205655559309392
0.16666666666666666 0.01880013654207202
0.2 0.01057755348516218
0.3333333333333333 0.024033997732828143
0.3333333333333333 0.031777039012831625
0.26666666666666666 0.023839338049864368
0.4666666666666667 0.03329642821775774
0.3333333333333333 0.021520707487027627
0.23333333333333334 0.015765022015022015
0.3333333333333333 0.0352854330353412
0.16666666666666666 0.0035036288539590076
0.2 0.024365079365079364
0.26666666666666666 0.018858806054846387
0.26666666666666666 0.02189310268480652
0.23333333333333334 0.010652289993320265
0.23333333333333334 0.014836958082394188
0.26666666666666666 0.021154709909240156
0.26666666666666666 0.018977756322568616
0.16666666666666666 0.016354166666666666
0.13333333333333333 0.013927203065134099
0.13333333333333333 0.002857512496833374
0.3333333333333333 0.023248817115072016
0.36666666666666664 0.025838747422457828
0.3 0.028790590310198157
0.2 0.010495505696200553
0.16666666666666666 0.01826398909732243
0.4 0.03566896747043806
0.3 0.021481749113342115
0.36666666666666664 0.022674880166455254
0.16666666666666666 0.007234627907704831
0.26666666666666666 0.016833004127642593
0.43333333333333335 0.03871148990669157
0.43333333333333335 0.0436303034781016
0.43333333333333335 0.036844049080344304
0.3 0.028427355927355923
0.3 0.03606442577030812
0.26666666666666666 0.02434833466329529
0.43333333333333335 0.028820108679398656
0.13333333333333333 0.013485132557068614
0.2 0.01400907071345242
0.3 0.022239178949705264
0.3 0.02632282507415681
0.23333333333333334 0.02092907092907093
0.3333333333333333 0.025466876812491334
0.3 0.02596698586370346
0.23333333333333334 0.017265710389280185
0.26666666666666666 0.02428133293986953
0.3 0.028911515997974282
0.2 0.010715341203471769
0.3 0.025334529022569937
0.3 0.016608920065642015
0.4666666666666667 0.026093380408406325
0.23333333333333334 0.01781805056992792
0.4 0.035001206536954245
0.26666666666666666 0.0160737644520397
0.26666666666666666 0.02081993995787099
0.23333333333333334 0.012330270661873517
0.4 0.022495464129541058
0.3333333333333333 0.02889320374614492
0.16666666666666666 0.007840718388663594
0.2 0.010118811854936134
0.23333333333333334 0.012599882058086395
0.3333333333333333 0.031409741352923175
0.43333333333333335 0.03481788120930854
0.3333333333333333 0.025852273889636783
0.4666666666666667 0.027617233208254884
0.23333333333333334 0.010216955537014702
0.3333333333333333 0.03006896415550262
0.13333333333333333 0.009888969736168377
0.13333333333333333 0.01361111111111111
0.43333333333333335 0.0334443116796058
0.16666666666666666 0.010243490000017485
0.3333333333333333 0.026038984108044935
0.23333333333333334 0.013791481351774203
0.2 0.021832634521313767
0.36666666666666664 0.026596438836753222
0.23333333333333334 0.02078276499329131
0.36666666666666664 0.02882707978547887
0.43333333333333335 0.03165969565091538
0.23333333333333334 0.013548178976606979
0.13333333333333333 0.012706456456456457
0.26666666666666666 0.02875180375180375
0.3333333333333333 0.01902030345742951
0.2 0.01530928873707326
0.36666666666666664 0.033104044536793074
0.1 0.004796357819613633
0.4666666666666667 0.02750174269576556
0.26666666666666666 0.016166722804653838
0.2 0.01580913708862892
0.4 0.03765728715728715
0.16666666666666666 0.012209315375982042
0.3 0.019146752800003573
0.26666666666666666 0.014880418710235021
0.26666666666666666 0.020012069786005955
0.4 0.04222023345586564
0.43333333333333335 0.024802682183003015
0.2 0.01084957946250133
0.4666666666666667 0.040436435939833114
0.36666666666666664 0.026197743296670947
0.2 0.01798840048840049
0.23333333333333334 0.011711582596337587
0.3 0.02945407167087587
0.23333333333333334 0.016864519752771902
0.3 0.027203810953810952
0.3 0.02164715930133753
0.2 0.019375730090015805
0.3333333333333333 0.03781088192852899
0.3 0.030536690943476046
0.36666666666666664 0.024252765213921557
0.26666666666666666 0.01551373158574468
0.3 0.02142773022396643
0.2 0.012247204005809637
0.26666666666666666 0.0208010876576768
0.3333333333333333 0.01763278442947474
0.2 0.020637325637325638
0.3 0.013598949960552519
0.3333333333333333 0.023136717036643478
0.3 0.015920781395078774
0.26666666666666666 0.011590105215105216
0.13333333333333333 0.009439324116743471
0.3 0.021294006601751677
0.16666666666666666 0.010878163231104406
0.3333333333333333 0.016100991461824626
0.3 0.023938890514297272
0.3 0.01967520253221153
0.16666666666666666 0.013242806960708647
0.3 0.01945277949421992
0.36666666666666664 0.027020263880620413
0.23333333333333334 0.011485593843594022
0.2 0.01691542288557214
0.26666666666666666 0.026002081963620423
0.23333333333333334 0.015488740549809253
0.36666666666666664 0.024490727556026066
0.3333333333333333 0.02888396281253424
0.26666666666666666 0.030595592008635483
0.16666666666666666 0.004546563528646694
0.13333333333333333 0.016666666666666666
0.26666666666666666 0.00983552369573875
0.3 0.029510287470813787
0.26666666666666666 0.027018608503402777
0.26666666666666666 0.024688018550855596
0.26666666666666666 0.02319785268300594
0.26666666666666666 0.010949066868510385
0.3333333333333333 0.03150512912362558
0.36666666666666664 0.03253690328182661
0.36666666666666664 0.024459696276251473
0.4 0.024523529993240263
0.3 0.022105235098154485
0.06666666666666667 0.002706552706552706
0.16666666666666666 0.015436507936507934
0.36666666666666664 0.0248171768453111
0.16666666666666666 0.013408289241622575
0.3 0.02358436028874199
0.23333333333333334 0.014461563563286288
0.3333333333333333 0.024868596285914427
0.23333333333333334 0.016518615760024568
0.5 0.039740060193274786
0.3 0.014666313412171823
0.2 0.013383369705001584
0.23333333333333334 0.01918891817912074
0.26666666666666666 0.01604098817194144
0.26666666666666666 0.0220767048276435
0.4666666666666667 0.039933775562578815
0.26666666666666666 0.020204816637165054
0.26666666666666666 0.016216001453623473
0.3333333333333333 0.02636277453924513
0.2 0.024186024003097172
0.43333333333333335 0.023359188753113536
0.23333333333333334 0.013295198694134862
0.36666666666666664 0.020077477487080168
0.4 0.024901455756718916
0.23333333333333334 0.021968039813969865
0.3333333333333333 0.028340672088198324
0.36666666666666664 0.030214529394875952
0.3 0.018633728395765995
0.26666666666666666 0.0180346877331709
0.23333333333333334 0.011409318406269882
0.23333333333333334 0.010942482126629209
0.36666666666666664 0.02822829359831257
0.3333333333333333 0.028465752319200597
0.2 0.0144810472508956
0.2 0.015751774828244924
0.16666666666666666 0.01813245234297866
0.36666666666666664 0.024021831785083932
0.26666666666666666 0.023997455021551407
0.23333333333333334 0.022024026664929537
0.2 0.01351225136519254
0.3 0.02269482017950959
0.06666666666666667 0.003976608187134503
0.3 0.020169454605729113
0.23333333333333334 0.01280313233248752
0.1 0.014021164021164021
0.3333333333333333 0.03149954168822093
0.23333333333333334 0.016891841102367418
0.13333333333333333 0.012070624139589656
0.23333333333333334 0.024218672065252467
0.36666666666666664 0.02029122303604153
0.26666666666666666 0.015555722034554985
0.3333333333333333 0.01530942358923616
0.26666666666666666 0.019912358009252118
0.2 0.007557412358882947
0.3333333333333333 0.020283856479149497
0.2 0.01091587560950306
0.23333333333333334 0.022123015873015867
0.16666666666666666 0.007366610015914012
0.26666666666666666 0.012628092519396865
0.23333333333333334 0.022514758591608685
0.16666666666666666 0.01978956228956229
0.4 0.029933779006704592
0.23333333333333334 0.013988159263462386
0.3333333333333333 0.02269880749959533
0.26666666666666666 0.025243905013429633
0.26666666666666666 0.02766046005574801
0.23333333333333334 0.013526860068422516
0.16666666666666666 0.008717546821341784
0.3 0.031079244829244835
0.2 0.020216147110370668
0.36666666666666664 0.028714264436309162
0.3 0.021324926232584095
0.23333333333333334 0.01854294891914591
0.1 0.004600535866520521
0.3333333333333333 0.035677362287791725
0.16666666666666666 0.01587301587301587
0.3333333333333333 0.02690796253153233
0.3 0.02709838728706653
0.16666666666666666 0.008179014998590669
0.23333333333333334 0.014202753771334757
0.36666666666666664 0.029101607883120488
0.16666666666666666 0.013194444444444444
0.26666666666666666 0.013753976760043573
0.23333333333333334 0.01681565142701984
0.4 0.03530725352814052
0.5 0.03563148678687308
0.4 0.03263737927406992
0.36666666666666664 0.021420368850964506
0.26666666666666666 0.019266261078770355
0.36666666666666664 0.02908918821274967
0.3 0.028355390855390857
0.23333333333333334 0.020456939450074464
0.36666666666666664 0.03201225395183167
0.2 0.016380448945747455
0.3 0.035086008999052475
0.2 0.016421957671957674
0.26666666666666666 0.032081906836808796
0.2 0.016338280421812578
0.3 0.024492815238251347
0.16666666666666666 0.011781432916698618
0.43333333333333335 0.03133406446916038
0.3 0.021084116209255252
0.36666666666666664 0.012850459463298153
0.26666666666666666 0.0210988215682011
0.3 0.014591267069399982
0.3 0.027762223179870243
0.26666666666666666 0.014278520849393472
0.3333333333333333 0.021543335954457846
0.43333333333333335 0.033480956753242676
0.3 0.022151159540819712
0.4 0.0306879436682933
0.3 0.03199827066661238
0.3333333333333333 0.035579975579975574
0.3 0.024297924297924302
0.4666666666666667 0.030926708937235252
0.26666666666666666 0.014608409666158792
0.3333333333333333 0.019820888096750162
0.23333333333333334 0.01833330508249255
0.26666666666666666 0.021816711280938747
0.3 0.027381257631257632
0.26666666666666666 0.02104349524074295
0.26666666666666666 0.013170566507923838
0.26666666666666666 0.013861037613427284
0.3 0.037607250107250106
0.3 0.028977569740253322
0.2 0.016009050028574646
0.3 0.015115310756930416
0.23333333333333334 0.004934108419610875
0.26666666666666666 0.026333333333333334
0.3333333333333333 0.01966031626951167
0.26666666666666666 0.019528238457372317
0.2 0.018739115290839426
0.3 0.022486499526670794
0.26666666666666666 0.016872983464408145
0.26666666666666666 0.01858600719816572
0.26666666666666666 0.020763840763840764
0.16666666666666666 0.010933586784476368
0.3 0.021182974498577332
0.3333333333333333 0.02780573106080832
0.23333333333333334 0.008977324061754456
0.3333333333333333 0.025983494931752362
0.3333333333333333 0.03451181467485815
0.2 0.01512784494561988
0.36666666666666664 0.027934866284148326
0.4 0.029301489260438525
0.2 0.012610482197597713
0.16666666666666666 0.010356883494138396
0.3 0.024668152691408502
0.3333333333333333 0.030285238959467633
0.2 0.012440424369558226
0.3333333333333333 0.02111268898742146
0.1 0.006853281853281852
0.4 0.027384219197347577
0.3333333333333333 0.023745280288267914
0.3 0.01957747721629567
0.2 0.014695955333263866
0.23333333333333334 0.013687707137791499
0.3 0.027386224886224882
0.3 0.02385847640491603
0.3 0.020014838564887245
0.3333333333333333 0.026287383640324822
0.23333333333333334 0.01660338946664113
0.36666666666666664 0.019458545770671958
0.26666666666666666 0.02270638404298183
0.3333333333333333 0.04266753680546784
0.06666666666666667 0.008095238095238095
0.2 0.016163003663003665
0.2 0.01463322652476778
0.06666666666666667 0.00648148148148148
0.36666666666666664 0.01497090938253376
0.23333333333333334 0.013455916229888832
0.3333333333333333 0.031155662345812827
0.23333333333333334 0.017974583750244622
0.26666666666666666 0.019367785761647653
0.3 0.020501300800933684
0.36666666666666664 0.029349711372791333
0.26666666666666666 0.023394797160781813
0.2 0.018500225149161317
0.26666666666666666 0.019334000024298532
0.2 0.021479932496881647
0.13333333333333333 0.012015762015762014
0.2 0.018094757238869892
0.23333333333333334 0.016966848785525387
0.26666666666666666 0.02814327485380117
0.3 0.02479807762348438
0.2 0.015202522115565593
0.2 0.01597162841744885
