0.04666666666666667 0.0038198951163552933
0.06666666666666668 0.008388328429312036
0.02666666666666667 0.0046110646987839975
0.07333333333333333 0.015682780586001147
0.07333333333333333 0.004364750671941236
0.10666666666666669 0.014800752149712786
0.013333333333333334 0.0031512605042016808
0.07333333333333333 0.007835270833337571
0.03333333333333333 0.011962833914053426
0.11333333333333333 0.007271592163557958
0.08666666666666667 0.002025446071716758
0.10666666666666667 0.006774445073256618
0.08666666666666667 0.008558287480486195
0.11999999999999998 0.020022863567760788
0.05333333333333333 0.009140866873065015
0.10000000000000002 0.010312750059293838
0.07333333333333333 0.0026764552883450396
0.03333333333333333 0.003041455898598756
0.06000000000000001 0.009062409748684257
0.06000000000000001 0.014726837704778879
0.12000000000000002 0.0067680684137567506
0.06666666666666667 0.00969983353470873
0.04666666666666667 0.0062660679039989375
0.06666666666666667 0.011684608401920146
0.12666666666666668 0.013525318468850724
0.08666666666666667 0.008024056432343028
0.006666666666666667 0.0037037037037037034
0.11333333333333333 0.007773276693146088
0.04 0.005140467498488685
0.08 0.00517311575793108
0.060000000000000005 0.0036735533437482703
0.05333333333333334 0.008901978402302866
0.10666666666666666 0.01610373531914589
0.05333333333333334 0.005663854689162487
0.06666666666666667 0.007531616982836496
0.07333333333333333 0.0012751803094450303
0.15333333333333335 0.011431891345708167
0.06000000000000001 0.012423730862957382
0.05333333333333333 0.006080381281299766
0.02666666666666667 0.003347135955831608
0.1 0.014091377512805906
0.05999999999999999 0.007666066876593192
0.12666666666666668 0.010771113877302804
0.10666666666666667 0.00467983466922437
0.02666666666666667 0.005274725274725275
0.10666666666666667 0.0187058751698123
0.02 0.00046082949308755766
0.1 0.004989085604620385
0.14 0.013515742088477141
0.060000000000000005 0.004568032276157865
0.05333333333333334 0.015062069272153306
0.04666666666666666 0.009532163742690059
0.02666666666666667 0.0006144393241167435
0.14 0.012849667031253625
0.03333333333333333 0.008596491228070177
0.12666666666666665 0.022500370000370005
0.14 0.017859830533295633
0.04666666666666666 0.011070871008010871
0.05333333333333333 0.004767022193492782
0.09333333333333334 0.00627126592814139
0.060000000000000005 0.006676414368722061
0.04000000000000001 0.0038578465209945776
0.05333333333333334 0.0032353360853775103
0.060000000000000005 0.0018309728100571498
0.07333333333333333 0.007256634840474499
0.02 0.002702702702702703
0.05333333333333334 0.005290668335252162
0.10666666666666667 0.0017569374653361167
0.06666666666666667 0.006264208725417619
0.11333333333333333 0.013787862474024361
0.04666666666666666 0.0004657218992248062
0.11999999999999998 0.009625403833143384
0.1 0.012349658815356535
0.1733333333333334 0.023268837937089743
0.08666666666666667 0.0010296128720627402
0.07333333333333333 0.009621935809324364
0.04000000000000001 0.003650766959998505
0.04 0.008417950513538748
0.013333333333333334 0.0014411027568922304
0.12000000000000001 0.010792805245222482
0.10666666666666667 0.010708873923117175
0.06666666666666667 0.008093179095537585
0.020000000000000004 0.0036435786435786433
0.05333333333333334 0.005622466889742964
0.10666666666666667 0.005223099125781323
0.09333333333333334 0.014468623769699037
0.02666666666666667 0.0037204231423298363
0.09333333333333332 0.017311891645207484
0.06666666666666667 0.008063717843946428
0.10000000000000002 0.006054638141265678
0.04666666666666667 0.005014490833132993
0.03333333333333333 0.007959401709401709
0.04 0.005581131128915645
0.05999999999999999 0.01643097643097643
0.10666666666666667 0.008309975370486434
0.08666666666666667 0.008357054514607222
0.07333333333333333 0.009292648503637186
0.02666666666666667 0.0007002801120448179
0.10666666666666667 0.009717311629185888
0.06000000000000001 0.0021546696517075904
0.12666666666666665 0.012688643032716964
0.05999999999999999 0.006456770742485029
0.060000000000000005 0.004617354346506164
0.05999999999999999 0.0032872468260358926
0.10666666666666666 0.002229567855227732
0.05333333333333334 0.009700176366843033
0.04666666666666667 0.0053970763932813266
0.05333333333333334 0.00028259221071122675
0.06000000000000001 0.007294062971999535
0.060000000000000005 0.002286044096388924
0.07333333333333333 0.005458629812078088
0.04666666666666666 0.002954956269403173
0.06000000000000001 0.008264415665862002
0.11333333333333333 0.007377872606849593
0.06666666666666667 0.004198655720414779
0.10666666666666669 0.008318783674493287
0.09333333333333335 0.01852834818066018
0.020000000000000004 0.007539682539682539
0.13333333333333333 0.018325864875254096
0.06666666666666667 0.003393201698742683
0.16666666666666669 0.03092636262447862
0.006666666666666667 0.0004065040650406504
0.10000000000000002 0.007626880742365069
0.013333333333333334 0.0012345679012345679
0.060000000000000005 0.012767020412567054
0.1 0.01762980062532134
0.006666666666666667 0.0008547008547008547
0.09333333333333332 0.01288115448664487
0.02666666666666667 0.003543859649122807
0.11333333333333334 0.010601829723630718
0.020000000000000004 0.004982078853046595
0.03333333333333333 0.017445054945054946
0.08 0.005838422143031706
0.05333333333333333 0.006476921410298076
0.07333333333333333 0.011128899835796386
0.05333333333333334 0.0057831340739886465
0.03333333333333333 0.0025790457798825998
0.11999999999999998 0.008690424946699164
0.15333333333333335 0.017975962037252043
0.12000000000000002 0.014477716580200594
0.08000000000000002 9.789005243153333e-05
0.08666666666666666 0.006732348467848002
0.08666666666666666 0.010092619690219925
0.08666666666666667 0.004892891395314187
0.09333333333333332 0.006494445119441083
0.08000000000000002 0.010548333185149106
0.05333333333333334 0.0046507603869397176
0.04 0.003045908786904428
0.04666666666666666 0.012149270482603815
0.02666666666666667 0.001990049751243781
0.08666666666666667 0.009766268115182953
0.07333333333333333 0.004389773784269196
0.013333333333333334 0.004243119266055045
0.05333333333333334 0.006608759553203998
0.020000000000000004 0.0034437086092715236
0.07333333333333333 0.006045004952158611
0.07333333333333333 0.007522880936928029
0.08 0.008153692404514044
0.1 0.013407070533419087
0.06666666666666667 0.0046993139671488845
0.02666666666666667 0.0022576654120319184
0.08000000000000002 0.00265059640715432
0.08 0.0065062037401442015
0.07333333333333333 0.018565095384317352
0.10666666666666666 0.011958526543136972
0.05999999999999999 0.008204459561602418
0.08666666666666667 0.007713788442850908
0.08 0.00933623562209121
0.08666666666666668 0.005758481939288354
0.09333333333333335 0.0032267133530508546
0.09333333333333334 0.0091840661858025
0.08 0.013122435503381415
0.08000000000000002 0.006350257609557911
0.09333333333333334 0.015795990450961212
0.08 0.011006555949902706
0.08000000000000002 0.00967109009480613
0.08666666666666667 0.009172289698605488
0.18666666666666665 0.014522617508568961
0.03333333333333333 0.0007354606989915735
0.013333333333333334 0.002564102564102564
0.18666666666666665 0.007765628092337631
0.03333333333333333 0.0028898635477582844
0.07333333333333333 0.011788786186299945
0.05333333333333333 0.0024064491938507685
0.06666666666666667 0.000997115042712621
0.03333333333333333 0.003558847308847309
0.04666666666666666 0.004648713859240175
0.07333333333333333 0.006155477749184999
0.04666666666666666 0.0026821227171607426
0.10666666666666667 0.013319631631502944
0.060000000000000005 0.0010305525034029225
0.06666666666666667 0.005940402565165912
0.08666666666666668 0.01314191694475343
0.07333333333333333 0.003802928174160766
0.04 0.002404623874278693
0.006666666666666667 0.001282051282051282
0.06666666666666667 0.005088615279754385
0.09333333333333334 0.016927830434608236
0.07333333333333333 0.01011027547848383
0.02666666666666667 0.004210526315789474
0.07333333333333333 0.006614664473278063
0.04 0.004043600562587904
0.06666666666666667 0.002851201888407701
0.06666666666666667 0.005906573206629928
0.04000000000000001 0.0047833203310235104
0.07333333333333333 0.01025947009628224
0.08666666666666668 0.006051762047758288
0.060000000000000005 0.008056913649848889
0.10666666666666667 0.006617552818747143
0.02666666666666667 0.0038979165511249148
0.12000000000000002 0.019217659934895288
0.04 0.002620873170580773
0.04666666666666667 0.0021509635454589585
0.03333333333333333 0.0007368776860302283
0.10666666666666667 0.014538353332776003
0.04666666666666666 0.007138047138047138
0.05333333333333334 0.0035275403172521534
0.04666666666666667 0.010561643894977229
0.03333333333333333 0.0028927529841336146
0.013333333333333334 0.005010660980810234
0.12000000000000001 0.009189613669117693
0.02666666666666667 0.0018018018018018018
0.15333333333333332 0.003292281371757224
0.03333333333333333 0.0034753283635072774
0.06666666666666667 0.003262954319645865
0.05333333333333333 0.007423795886584317
0.04666666666666666 0.007536205930701344
0.09333333333333332 0.009310278840841643
0.08666666666666667 0.002641211541846935
0.07333333333333333 0.009035262845029667
0.08666666666666667 0.010101475451984865
0.07333333333333333 0.0060246539104308215
0.13333333333333333 0.020972956814429042
0.12666666666666665 0.014345581558493744
0.08 0.003941000682991604
0.1 0.009163691241789713
0.05999999999999999 0.008237908237908239
0.04666666666666666 0.0027228976697061804
0.04666666666666666 0.0029943100995732577
0.060000000000000005 0.004557926444783143
0.08 0.006160059237934857
0.03333333333333333 0.00045201722262231276
0.04000000000000001 0.004584934749093435
0.06666666666666667 0.005068212824010914
0.03333333333333333 0.006904761904761904
0.02 0.004347826086956522
0.04000000000000001 0.006390704429920116
0.07333333333333333 0.00748568379090756
0.07333333333333333 0.0070251502013288615
0.09333333333333334 0.008317250343825883
0.04 0.0058086792091531425
0.013333333333333334 0.0031339031339031338
0.05999999999999999 0.0022162249129228334
0.04666666666666666 0.003467863198643504
0.06666666666666667 0.011756131288176049
0.08 0.0023433768390992015
0.06666666666666667 0.0015004946072671745
0.04666666666666666 0.0027845684880860757
0.03333333333333333 0.0019132035261067517
0.12000000000000001 0.010614901884736684
0.04666666666666666 0.007650001071053703
0.08666666666666666 0.012206159065861895
0.11333333333333334 0.009749074418103038
0.08000000000000002 0.01581359816653934
0.09333333333333334 0.011846640283138388
0.04000000000000001 0.002413360434394355
0.06666666666666667 0.011081762836340355
0.1 0.017126820657122566
0.04 0.0012272102781181538
0.10000000000000002 0.0033635027434440706
0.08000000000000002 0.007446020256882028
0.12000000000000002 0.009204944640253187
0.12666666666666668 0.017898169450984124
0.07333333333333333 0.0077037408568803685
0.08666666666666667 0.006555959791953001
0.06666666666666668 0.006040984747303539
0.05333333333333334 0.0005664799921400199
0.05333333333333333 0.007174440456174202
0.03333333333333333 0.005709219858156029
0.060000000000000005 0.003071707745074579
0.05999999999999999 0.008310846761933718
0.1 0.007404544803864432
0.04666666666666666 0.004443064182194617
0.013333333333333334 0.0025676937441643324
0.10000000000000002 0.005533931746423076
0.06666666666666667 0.0033654343999171585
0.03333333333333333 0.006683006535947712
0.08666666666666668 0.005791145041423748
0.15333333333333335 0.007410000828229673
0.08 0.005533402132376008
0.10666666666666667 0.008249620335926054
0.12000000000000001 0.009056290365241793
0.060000000000000005 0.0020163664936995633
0.07333333333333332 0.0027553489315309196
0.09333333333333332 0.0071630935035500365
0.060000000000000005 0.007372039724980902
0.08 0.009403398951212146
0.03333333333333333 0.002448199475436326
0.08 0.01126628686423675
0.14 0.010706818018526397
0.08 0.005133737150967044
0.12666666666666668 0.017995179126140792
0.09333333333333334 0.007669928219084259
0.02666666666666667 5.583472920156337e-05
0.06666666666666667 0.009130824372759857
0.1 0.010502294747340078
0.07333333333333333 0.00597840359332929
0.04 0.006075268817204301
0.013333333333333334 0.006734006734006734
0.06666666666666668 0.0065843189778771296
0.06000000000000001 0.003319273721659605
0.08 0.004915216754297213
0.04000000000000001 0.007432748538011695
0.10666666666666667 0.016096692931426827
0.04000000000000001 0.0002365184484389782
0.020000000000000004 0.0022716572504708097
0.03333333333333333 0.001141552511415525
0.06666666666666667 0.006522644022644023
0.05999999999999999 0.005428073225660499
0.05333333333333334 0.004133025159459839
0.10000000000000003 0.014520660024458945
0.05333333333333334 0.003967743282242367
0.07333333333333332 0.003949605191932232
0.05333333333333334 0.004714805759095494
0.05999999999999999 0.00912409050134556
0.06666666666666667 0.0015739833598122
0.07333333333333332 0.007250393743827308
0.06666666666666667 0.004732028677963375
0.08 0.02050502455178714
0.08666666666666667 0.010264385436549636
0.14 0.011185572628153699
0.08666666666666668 0.008052323033092263
0.11333333333333334 0.003987460281398811
0.04000000000000001 0.0034747843726716967
0.10000000000000002 0.0028056835511742506
0.07333333333333333 0.00651768529531127
0.14666666666666667 0.016892234516679972
0.11333333333333334 0.01554380605651023
0.18000000000000005 0.017967498185292783
0.06666666666666667 0.001551330162763935
0.03333333333333333 0.005753388070461242
0.12000000000000001 0.010029233370273357
0.14666666666666664 0.007156248323786613
0.04 0.007678976796623855
0.09333333333333334 0.008871163716944344
0.06666666666666667 0.0013835940516764935
0.04666666666666667 0.006632723476109524
0.04666666666666666 0.015139701104613384
0.04666666666666667 0.00161613109809633
0.05333333333333334 0.004884327142391658
0.05333333333333334 0.0026732006935478794
0.04666666666666667 0.012860671936758893
0.10666666666666667 0.012925532503992542
0.013333333333333334 0.0026470588235294116
0.05333333333333333 0.010115409186616615
0.03333333333333333 0.005142857142857143
0.04666666666666667 0.009716212444516472
0.08666666666666667 0.008398212927438834
0.006666666666666667 0.0020833333333333333
0.04666666666666667 0.009342859351258007
0.13333333333333333 0.013850166472438209
0.11333333333333334 0.010880335338184931
0.060000000000000005 0.005715312019699869
0.02 0.0035714285714285713
0.02666666666666667 0.009260689260689261
0.060000000000000005 0.008023376515528983
0.14666666666666667 0.014576797949475084
0.04 0.0021344502847763834
0.03333333333333333 0.0054761904761904765
0.05333333333333334 0.006012982115923294
0.04 0.005844082719082719
0.04666666666666666 0.005608872127784657
0.08000000000000002 0.02129030232088926
0.013333333333333334 0.0028654970760233914
0.03333333333333333 0.0010248166381995377
0.09333333333333334 0.009065040356029406
0.060000000000000005 0.004396597348616865
0.06666666666666667 0.011550652367070596
0.08666666666666667 0.010252151880439967
0.11999999999999998 0.0076724979664573945
0.08666666666666668 0.005371905480717214
0.04666666666666666 0.002494487507271079
0.03333333333333333 0.005178481649069884
0.21333333333333335 0.014465764355198198
0.04666666666666666 0.002751994138315765
0.07333333333333333 0.003651820324449475
0.07333333333333333 0.011970430632919637
0.04666666666666667 0.007405228758169935
0.09333333333333332 0.006278484330559987
0.06666666666666667 0.008663937906857676
0.06666666666666667 0.0031845723259709326
0.05333333333333334 0.006249206349206349
0.06000000000000001 0.003688408640639861
0.06666666666666667 0.009724643546879503
0.07333333333333333 0.018069380879735572
0.06666666666666667 0.012076339940117028
0.11999999999999998 0.0027382710310784003
0.020000000000000004 0.006439222153507868
0.07333333333333333 0.003586068160638045
0.09333333333333334 0.0068128943049336884
0.09333333333333335 0.009976692111091414
0.04000000000000001 0.005142081008456282
0.09333333333333334 0.007387581329681841
0.020000000000000004 0.0031339031339031338
0.07333333333333333 0.00166166673708821
0.04000000000000001 0.007251789604730782
0.08 0.01432595645095645
0.013333333333333334 0.00242003367003367
0.10000000000000002 0.007518253117703779
0.06666666666666667 0.0022702806776395573
0.03333333333333333 0.0060025542784163475
0.09333333333333335 0.00664976046919234
0.12000000000000002 0.007862376355288175
0.04 0.004728518093894229
0.06666666666666667 0.009416214949105524
0.013333333333333334 0.0026666666666666666
0.07333333333333333 0.011479153043958088
0.12666666666666668 0.00334379889887447
0.11333333333333334 0.017017582189995984
0.10666666666666667 0.006458278613357854
0.08 0.013487526423344266
0.10000000000000002 0.013143249724132078
0.09333333333333334 0.009373237393477748
0.04 0.005430340557275541
0.04666666666666666 0.0034190003544842256
0.18666666666666668 0.019585291224583055
0.09333333333333334 0.0031642212430285943
0.02666666666666667 0.0027903928906830382
0.03333333333333333 0.0045321637426900575
0.07333333333333333 0.009523809523809523
0.04666666666666666 0.009493227115407567
0.03333333333333333 0.002922972626683342
0.02666666666666667 0.00814814814814815
0.04666666666666666 0.006496109063249664
0.09333333333333334 0.0026406232099896896
0.09333333333333334 0.009052205774729153
0.06666666666666667 0.005420378904249872
0.10666666666666666 0.005128683192396003
0.09333333333333335 0.011141497821740336
0.05333333333333333 0.0044599172132242775
0.06666666666666667 0.011309469095111158
0.05333333333333333 0.009260597558469898
0.04666666666666666 0.0022598457622042527
0.05333333333333334 0.005773795997896795
0.03333333333333333 0.004627525252525253
0.07333333333333333 0.002662261179997735
0.11333333333333334 0.004608218934840131
0.060000000000000005 0.006289721294801305
0.1 0.014783913641734345
0.08666666666666668 0.014062802319071227
0.03333333333333333 0.007604523290797801
0.06666666666666667 0.0014988210915985536
0.07333333333333333 0.0016832351324952244
0.09333333333333334 0.005592555304765225
0.12000000000000001 0.01124492176880798
0.11333333333333334 0.006630219703998294
0.060000000000000005 0.005036579353268728
0.1 0.015527170785791473
0.12000000000000002 0.013561606679208136
0.06666666666666667 0.006742703435421697
0.11333333333333334 0.00963090750478869
0.04000000000000001 0.0058618838728783755
0.14666666666666667 0.004693176943176862
0.05333333333333333 0.0053000868323840634
0.04000000000000001 0.001713534537270557
0.11333333333333334 0.004589381170559179
0.0 0.0
0.060000000000000005 0.007654493136114783
0.16 0.007514978013814959
0.04000000000000001 0.002210483494758556
0.08 0.010483465608465609
0.06666666666666667 0.013172881896856177
0.05333333333333334 0.013121693121693121
0.06666666666666667 0.0004545096409925711
0.02 0.005
0.02666666666666667 0.006127450980392158
0.1 0.0037346237902841158
0.10666666666666667 0.014437675070028012
0.06666666666666667 0.0033088931707134423
0.06666666666666667 0.005482868788050715
0.08 0.011030054465409157
0.08000000000000002 0.005062138387998416
0.08666666666666667 0.014263223548937835
0.04666666666666667 0.003515151515151515
0.10666666666666667 0.0032260759138640935
0.04666666666666666 0.008079665432606608
0.02 0.0004950495049504951
0.04666666666666666 0.0030433762074118975
0.06666666666666667 0.005813895352191219
0.15333333333333335 0.019044809377250362
0.11333333333333333 0.008533112887543493
0.11333333333333334 0.00715370943576867
0.12666666666666665 0.008738281403952268
0.14666666666666664 0.006101476572617184
0.013333333333333334 0.0008438818565400844
0.07333333333333333 0.005017890225540498
0.09333333333333332 0.010918643152416956
0.05333333333333334 0.000617099602589027
0.05999999999999999 0.002179043402533064
0.07333333333333333 0.0054976941871303035
0.02 0.0025
0.060000000000000005 0.0061053719327063515
0.10666666666666667 0.014317869390639802
0.04666666666666667 0.006892802442224556
0.1 0.010814624212511536
0.1666666666666667 0.027567873045910372
0.07333333333333333 0.007631508037416194
0.04000000000000001 0.006614823348694316
0.09333333333333332 0.014194188428059395
0.08 0.0016821187391752777
0.08666666666666667 0.01603965598137377
0.09333333333333334 0.010653149865673584
0.10000000000000002 0.00842748928783743
0.03333333333333333 0.006641511288394868
0.06666666666666667 0.005954173696109179
0.09333333333333332 0.003031474395581768
0.10666666666666669 0.016798049370029284
0.04 0.0035258707839353
0.1 0.0025950014437713938
0.02 0.002325581395348837
0.03333333333333333 0.0009402554857100312
0.05333333333333334 0.008748219792223243
0.08666666666666666 0.005491526899046561
0.10000000000000002 0.007005346445622162
0.07333333333333333 0.005771384907686588
0.04 0.003082400424712169
0.05333333333333334 0.00014755874161953773
0.03333333333333333 0.0026933468422830125
0.08000000000000002 0.010613074873013262
0.060000000000000005 0.008151320773261308
0.02666666666666667 5.546311702717693e-05
0.08 0.002675859796936134
0.10666666666666666 0.013659840171944484
0.10666666666666667 0.005008558771149504
0.060000000000000005 0.013768181896985143
0.08000000000000002 0.0027856640546513965
0.08666666666666668 0.006430792917641212
0.09333333333333334 0.011074083086992315
0.04000000000000001 0.006992475184117834
0.013333333333333334 0.0017322291235334713
0.05333333333333334 0.0077226890756302525
0.04000000000000001 0.0039231511813765056
0.04666666666666667 0.0036870730101333294
0.1 0.004641567796806436
0.006666666666666667 0.0011904761904761904
0.006666666666666667 0.0009523809523809524
0.04666666666666667 0.004404277455124912
0.1 0.010216943133351803
0.07333333333333333 0.013944437144227665
0.04 0.005612244897959183
0.060000000000000005 0.0055484618291076334
0.07333333333333333 0.006944086651053864
0.11333333333333334 0.015201888777729234
0.09333333333333334 0.0113679892777856
0.11333333333333336 0.021582602339181287
0.006666666666666667 0.0017543859649122805
0.11333333333333333 0.01850864826028079
0.1 0.0042891720637651945
0.05333333333333334 0.003680485338725986
0.060000000000000005 0.015468735514971724
0.06666666666666667 0.01787868423070559
0.020000000000000004 0.0025774312324019924
0.06666666666666667 0.006615887628545855
0.0 0.0
0.08 0.012575811041433698
0.06666666666666667 0.00545514950166113
0.08666666666666668 0.0012371734668182117
0.07333333333333333 0.016414682539682538
0.02666666666666667 0.007503406416449895
0.04000000000000001 0.0060721062618595825
0.12666666666666668 0.0035654005366906796
0.05999999999999999 0.010228638086905802
0.060000000000000005 0.005951456283458136
0.06000000000000001 0.007490294624905286
0.08666666666666667 0.009070703307991444
0.04000000000000001 0.007034523210993799
0.006666666666666667 0.0017543859649122805
0.08000000000000002 0.0030997589699438663
0.1 0.011535601626349902
0.05333333333333334 0.003624549892676207
0.08000000000000002 0.01342260757910133
0.04666666666666667 0.011415889738980167
0.02666666666666667 0.005128205128205128
0.04000000000000001 0.012278388278388279
0.02666666666666667 0.0028368794326241132
0.08666666666666668 0.006106603101891669
0.04 0.0008845084331713402
0.05333333333333334 0.005315126050420168
0.03333333333333333 0.006360544217687074
0.03333333333333333 0.001342896174863388
0.15333333333333335 0.009630920245861338
0.18666666666666665 0.006162840909323117
0.03333333333333333 0.002314814814814815
0.09333333333333334 0.012339825610023065
0.02666666666666667 0.0023354067900675382
0.07333333333333332 0.012020821210932038
0.06666666666666667 0.007650443312582532
0.05999999999999999 0.006669018443667643
0.020000000000000004 0.003614223467164644
0.05333333333333334 0.008885218095744411
0.05333333333333334 0.008964803312629398
0.04666666666666667 0.003158752883162332
0.05333333333333334 0.011464368599574792
0.08 0.0006224908286244486
0.08 0.011486156152826417
0.02666666666666667 0.004375
0.013333333333333334 0.003315412186379928
0.03333333333333333 0.0024113521377543265
0.1 0.006745943194110018
0.04000000000000001 0.005246913580246913
0.02666666666666667 0.0027777777777777775
0.08 0.012690403300584747
0.07333333333333332 0.007500853697128327
0.08666666666666666 0.004944681457343384
0.1 0.008106183718265514
0.13333333333333333 0.010163511600657983
0.12000000000000001 0.015313936001449847
0.02 0.002325581395348837
0.12666666666666668 0.008244294846345533
0.12000000000000001 0.009671059474545692
0.12666666666666668 0.001190829680885672
0.04 0.008746215710106645
0.05999999999999999 0.007573027591250187
0.05999999999999999 0.0019610012477574365
0.1 0.011149412409332652
0.12000000000000004 0.024218564595661594
0.11333333333333334 0.008515829921184482
0.09333333333333332 0.004290242189684171
0.04 0.004376911976911977
0.08000000000000002 0.005948029360702194
0.013333333333333334 0.0006944444444444444
0.08 0.0057077810748516365
0.10666666666666667 0.014689515682518714
0.10666666666666667 0.011091867568263894
0.03333333333333333 0.005326278659611993
0.07333333333333335 0.01721025781370609
0.06666666666666667 0.004459498974247489
0.03333333333333333 0.009582166199813258
0.04666666666666666 0.003957231040564374
0.07333333333333333 0.013430966852019482
0.12666666666666668 0.0083261876819819
0.12666666666666668 0.01449356274093618
0.08 0.0040363242445421894
0.11999999999999998 0.00632323456422384
0.05333333333333334 0.0008546962834072801
0.1866666666666667 0.024586657403184924
0.1 0.017055922219856644
0.04666666666666666 0.00856337515911984
0.02666666666666667 0.0020687402266349633
0.08666666666666666 0.006427366640653807
0.1 0.0112161267850923
0.013333333333333334 0.0009132420091324201
0.03333333333333333 0.002423159830567238
0.14 0.00783266621609777
0.05999999999999999 0.0033277526151191633
0.05333333333333334 0.008941798941798942
0.05333333333333333 0.004425102084676553
0.07333333333333333 0.007082117108055609
0.08 0.00379391238609094
0.06666666666666667 0.008183925894195759
0.14666666666666667 0.007950773578492255
0.10000000000000002 0.012662596005959587
0.07333333333333332 0.004984235186327895
0.12000000000000001 0.011618630546335173
0.04666666666666666 0.0027038244130977236
0.04000000000000001 0.0029820606743683666
0.11333333333333334 0.007755142818496596
0.05333333333333334 5.560818378781597e-05
0.08666666666666667 0.011806388827038574
0.07333333333333333 0.014871585124352531
0.06666666666666667 0.009575519836713866
0.13333333333333333 0.015830039480808755
0.13333333333333333 0.009209217765928257
0.04666666666666667 0.010631493263072212
0.07333333333333333 0.013482316903369535
0.16666666666666666 0.01785374102929194
0.11333333333333334 0.010793906616197248
0.08666666666666666 0.0028086267650319083
0.04666666666666666 0.003672382742150184
0.12666666666666668 0.00552648339266774
0.02666666666666667 0.0049382716049382715
0.07333333333333333 0.008708709086294534
0.12666666666666668 0.015326321921444333
0.05999999999999999 0.005356399322840857
0.05333333333333334 0.0032232898086556622
0.020000000000000004 0.0037757437070938212
0.03333333333333333 0.003309286703782117
0.02 0.0005780346820809248
0.013333333333333334 0.0029038112522686023
0.04666666666666667 0.003395391241691052
0.12000000000000002 0.004973749717051528
0.04666666666666667 0.0007941777233312554
0.07333333333333333 0.006740247296944152
0.1 0.004811381069826609
0.02666666666666667 0.0035072951739618403
0.05333333333333334 0.0001697304014427084
0.020000000000000004 0.0019069923051187687
0.15333333333333335 0.012009187392035454
0.03333333333333333 0.007816091954022988
0.06666666666666667 0.012804352510234863
0.05999999999999999 0.006047600982570152
0.04000000000000001 0.004272509461188707
0.04000000000000001 0.0007565261929351705
0.08 0.00681266862280938
0.02 0.0027777777777777775
0.05999999999999999 0.006775164357746032
0.07333333333333333 0.00678192087781587
0.04666666666666666 0.0054887162645783335
0.04666666666666666 0.004887473637473637
0.04000000000000001 0.004687911725955204
0.08000000000000002 0.005346565255401168
0.06666666666666667 0.004734209656084657
0.04666666666666666 0.002910433677016906
0.08666666666666668 0.002519449080536894
0.09333333333333335 0.012998926930582803
0.10666666666666666 0.01687594583831143
0.13333333333333333 0.014301934910261094
0.006666666666666667 0.0015873015873015873
0.04666666666666666 0.004243090273677212
0.08 0.004617262013450119
0.05333333333333333 0.006013662425327262
0.03333333333333333 0.005513827193730276
0.04666666666666666 0.005771501226046681
0.07333333333333333 0.00580985185237961
0.07333333333333333 0.008182869774025431
0.10666666666666667 0.0171792209776321
0.04000000000000001 0.0066017316017316025
0.06666666666666667 0.00029917832525215316
0.0 0.0
0.08666666666666668 0.005106047484149989
0.02666666666666667 0.004085106382978723
0.14000000000000004 0.01556981676365321
0.14 0.010479646233391393
0.10000000000000002 0.01188461003892621
0.006666666666666667 0.0015873015873015873
0.04000000000000001 0.0044913691972515496
0.03333333333333333 0.0007367202907763271
0.08666666666666667 0.015403050108932458
0.05333333333333334 0.007209749315012473
0.12666666666666668 0.007752760521134774
0.08 0.004996480166758199
0.04666666666666666 0.0034293575085131813
0.02666666666666667 0.005323594816348439
0.05333333333333334 0.003146519491124966
0.12666666666666668 0.014819265742119118
0.12666666666666668 0.010133175999234195
0.020000000000000004 0.003988095238095238
0.08 0.005183664541932258
0.020000000000000004 0.00588235294117647
0.05999999999999999 0.010063202937519878
0.1466666666666667 0.015357425674787059
0.02 0.00021881838074398248
0.09333333333333334 0.016057315981506205
0.10666666666666666 0.011398510191436808
0.02666666666666667 0.010505050505050507
0.18000000000000002 0.014097964333192232
0.12666666666666665 0.012566346997666096
0.08666666666666667 0.007692317250573949
0.04000000000000001 0.0031876763517120414
0.09333333333333332 0.0021336646873828433
0.06666666666666667 0.0038140979959949838
0.11333333333333334 0.00861806989241487
0.02 1.257071024512885e-05
0.09333333333333334 0.013979202115052214
0.11333333333333334 0.006721293043858765
0.02666666666666667 0.005908004778972522
0.08000000000000002 0.0061544633581740735
0.10000000000000002 0.010194040684058832
0.03333333333333333 0.0026809591226769143
0.04666666666666667 0.004825674480846895
0.08000000000000002 0.006683120075403865
0.09333333333333334 0.005463440230037632
0.1 0.0028256835030757792
0.07333333333333333 0.008546686441627807
0.04 0.0014731167873881434
0.07333333333333333 0.0034212270876913743
0.060000000000000005 0.011843917797836834
0.02666666666666667 0.004591194968553459
0.08 0.019133568236490536
0.06000000000000001 0.005450839179652739
0.03333333333333333 0.004298992479069107
0.08666666666666667 0.007686560206945677
0.05333333333333333 0.005550025576154729
0.060000000000000005 0.008335214278948294
0.04 0.00021341334349335366
0.020000000000000004 0.0011503928170594835
0.05333333333333333 0.006657167937813741
0.06666666666666667 0.0009864093364110088
0.12000000000000002 0.01472959233107642
0.05333333333333333 0.014395789266309984
0.06666666666666667 0.007112294276298951
0.06666666666666667 0.0017131754096842873
0.05333333333333334 0.009234060761660248
0.05999999999999999 0.01275309612902751
0.05333333333333334 0.00316629512389117
0.02 0.0022727272727272726
0.04666666666666667 0.0017363489582756034
0.06666666666666667 0.003045019538551447
0.1 0.004490602971851876
0.05333333333333334 0.004928134390499982
0.04666666666666666 0.007263285626848706
0.08000000000000002 0.00329036651874637
0.05333333333333334 0.0036118838145273537
0.14000000000000004 0.00630571529753123
0.02 0.0009523809523809524
0.04666666666666666 0.006567331136296654
0.07333333333333333 0.008450882434139108
0.04666666666666666 0.0010572888159095055
0.05999999999999999 0.013561438561438563
0.060000000000000005 0.0047803845773831035
0.05999999999999999 0.007160841193513612
0.16 0.009895890294375065
0.09333333333333334 0.005426231242774336
0.08 0.0067633493287748096
0.1 0.011579087894877367
0.06666666666666667 0.011329586699449714
0.05333333333333334 0.008714769328152228
0.06666666666666667 0.008590969775970871
0.08000000000000002 0.013490348797887687
0.14 0.012157891218872657
0.07333333333333333 0.004704878991670606
0.03333333333333333 0.0022409377462568954
0.14666666666666667 0.011959942125730098
0.04000000000000001 0.006668222844693433
0.06666666666666667 0.004626861614477714
0.06666666666666667 0.009965080172769083
0.04666666666666666 0.0028672222786540837
0.02666666666666667 0.004957264957264957
0.07333333333333333 0.009178055474515652
0.060000000000000005 0.006884702982085996
0.08666666666666667 0.0015835930943180014
0.02666666666666667 0.001664878223262771
0.05333333333333334 0.006195939529272863
0.03333333333333333 0.0007093876602244802
0.05333333333333334 0.002416246285521095
0.03333333333333333 0.0021431828545371637
0.07333333333333333 0.00614887117401878
0.13333333333333336 0.009293010561354235
0.013333333333333334 0.004090909090909091
0.05999999999999999 0.006478209101159921
0.06666666666666667 0.0037675558243677114
0.06666666666666667 0.004176550661481873
0.060000000000000005 0.008008700701008394
0.04666666666666666 0.0032440728360357
0.08 0.008301016056612064
0.05333333333333333 0.0079015466925303
0.15333333333333335 0.010480976065329052
0.04 0.011762555899552803
0.10666666666666666 0.006451559163342075
0.02 1.4943215780035864e-05
0.08666666666666666 0.006680902284977141
0.11999999999999998 0.012502117012609186
0.04666666666666666 0.0076566951566951575
0.08666666666666667 0.020046416131403188
0.04000000000000001 0.0026772714016808506
0.12000000000000002 0.007907797286291271
0.03333333333333333 0.01111111111111111
0.17333333333333337 0.010963080980802805
0.06666666666666667 0.004127676836330478
0.04 0.008294250105196944
0.020000000000000004 0.0012001548586914438
0.10666666666666667 0.009183073657492265
0.08000000000000002 0.010347009629971149
0.07333333333333333 0.00915051416863516
0.11333333333333334 0.004667501485816305
0.06666666666666667 0.010311996779388082
0.1 0.010151675706932572
0.03333333333333333 0.004738562091503268
0.060000000000000005 0.005007399107396296
0.10666666666666667 0.01769735161626038
0.09333333333333334 0.006587298849946091
0.08666666666666667 0.007941684046947206
0.07333333333333333 0.001957529981213591
0.02666666666666667 0.0025003906860446945
0.07333333333333333 0.01474187689704931
0.07333333333333333 0.009036872772147818
0.1 0.0050417509393801945
0.08 0.009474055136851836
0.10000000000000003 0.007825578378100634
0.1 0.010801491961053818
0.05333333333333333 0.008028882000247978
0.04 0.006284935551071714
0.05333333333333333 0.003241266387976931
0.04666666666666666 0.0028613624479662527
0.07333333333333332 0.008233124899791566
0.020000000000000004 0.001976911976911977
0.10666666666666667 0.0063970983364292685
0.14666666666666667 0.02162216506897358
0.19333333333333333 0.018973133301396997
0.02666666666666667 0.0017787524366471735
0.04666666666666666 0.0004570574112899638
0.11999999999999998 0.00567050116344072
0.06666666666666667 0.011994029492571147
0.12000000000000002 0.006050597491491364
0.09333333333333332 0.010256538090005077
0.08000000000000002 0.002811159073823193
0.1 0.00559236292173754
0.03333333333333333 0.001696410911801847
0.02666666666666667 0.0022737733591089017
0.11333333333333334 0.009881059852114368
