0.20666666666666667 0.04746122837891582
0.12666666666666668 0.05307243004401529
0.2333333333333334 0.04946628382252954
0.13333333333333333 0.055693843193843184
0.2 0.025580180485442697
0.12000000000000004 0.05096237591694311
0.18000000000000002 0.040856164537254366
0.11333333333333337 0.03916081132323711
0.1866666666666667 0.07547935618737674
0.18000000000000005 0.04625787571038171
0.11333333333333334 0.05287361923326835
0.13333333333333336 0.04245219156845128
0.11333333333333334 0.033393205235310496
0.14000000000000004 0.058773376949847536
0.18666666666666668 0.044979987218792115
0.27999999999999997 0.0819934670345616
0.19333333333333336 0.04806192769407232
0.19333333333333336 0.04232596559176361
0.08 0.025284253960101418
0.18000000000000005 0.041785810492135124
0.1 0.04108326728045038
0.18666666666666668 0.06879333705973018
0.15333333333333335 0.05840222603689455
0.21333333333333337 0.056519035081149985
0.13333333333333336 0.033287660976340214
0.14 0.048727669395422196
0.14000000000000004 0.030805042252143436
0.24666666666666673 0.05296739240221485
0.17333333333333337 0.05453804635512263
0.16666666666666669 0.05748869772189643
0.19333333333333336 0.05650332259321052
0.18 0.03505777277971691
0.14 0.04678488178488179
0.18666666666666668 0.06556196808225206
0.16666666666666669 0.06003530058702473
0.18000000000000002 0.0427071349612737
0.20000000000000007 0.05925046529697691
0.1733333333333334 0.05704171350344278
0.19333333333333338 0.03584127731043919
0.16666666666666669 0.05787294057425922
0.16666666666666666 0.041662222029949195
0.09333333333333334 0.0471727945257357
0.2266666666666667 0.07098699832236417
0.25333333333333335 0.06865687469350117
0.27333333333333343 0.061124458537814785
0.17333333333333337 0.0711286904791944
0.18666666666666673 0.057053698222428874
0.17333333333333337 0.052816566914190004
0.1466666666666667 0.033815328081130296
0.11333333333333334 0.05761437474156771
0.20666666666666672 0.06545300666063376
0.21333333333333337 0.0589405178515342
0.16000000000000003 0.06619846203179536
0.14 0.03385213175665009
0.29999999999999993 0.09419032966446757
0.22666666666666668 0.05737915489097341
0.1866666666666667 0.05251726026280898
0.19333333333333336 0.047429883921571256
0.27999999999999997 0.08400788168546215
0.28666666666666674 0.0701881106157422
0.16000000000000003 0.04787016526885691
0.1866666666666667 0.05542639277933396
0.17333333333333334 0.04944075028680558
0.21333333333333335 0.07898035773547282
0.13333333333333336 0.04710957501280082
0.1866666666666667 0.05155027732154758
0.1266666666666667 0.057879541253035224
0.16666666666666666 0.05928280948442239
0.16000000000000003 0.049330243568426864
0.16666666666666669 0.052927332151945825
0.15333333333333335 0.04929370188837455
0.17333333333333337 0.054427800300816176
0.13333333333333333 0.04076386621878425
0.16666666666666669 0.049918109763470594
0.15333333333333338 0.05506919374083215
0.24666666666666673 0.08733412896783782
0.12000000000000002 0.05216308356974248
0.20666666666666667 0.0770474798106377
0.20666666666666667 0.06598828802776172
0.09333333333333334 0.04631940963519911
0.20000000000000004 0.05483071332343984
0.16666666666666666 0.04826751455596167
0.2933333333333333 0.06416356145857652
0.2533333333333333 0.053498979452053834
0.18666666666666673 0.06692903592413396
0.1266666666666667 0.03967360681646395
0.16666666666666669 0.06741860505749393
0.16666666666666669 0.04185670939540908
0.19333333333333338 0.07732701139677883
0.16000000000000003 0.039465887678166695
0.15333333333333335 0.03850991681588356
0.15333333333333332 0.047365639432485104
0.1466666666666667 0.05511508493220512
0.11333333333333336 0.04328369220010087
0.21333333333333337 0.05466013561046256
0.19333333333333336 0.042970048289838095
0.16666666666666669 0.04616737414400128
0.14666666666666667 0.053231243587280735
0.12000000000000001 0.0393103193103193
0.18000000000000005 0.0661928652033965
0.12666666666666668 0.047294584500466856
0.27999999999999997 0.06379390702835333
0.1666666666666667 0.05074272748185792
0.20000000000000007 0.0737946082955157
0.14 0.038803237175938504
0.15333333333333335 0.048410667882400144
0.12666666666666668 0.03689267511656826
0.12000000000000004 0.06406226327278959
0.17333333333333334 0.04053972796054132
0.1466666666666667 0.05364096562145783
0.19333333333333338 0.059025742775742775
0.12666666666666668 0.029965634327022712
0.16666666666666669 0.058763438059300475
0.22000000000000008 0.07988880503841053
0.20000000000000007 0.0697162891907172
0.16000000000000003 0.0475637647167014
0.18000000000000002 0.03898862906804053
0.24000000000000005 0.05903466573054442
0.12000000000000002 0.052475206538674025
0.19333333333333336 0.06716480324323462
0.16666666666666666 0.04689025253828032
0.17333333333333337 0.08649863326973302
0.20666666666666667 0.0623813967835707
0.06666666666666667 0.024735449735449735
0.19333333333333336 0.053294627399890555
0.18000000000000002 0.06710746979029102
0.1066666666666667 0.04879242208557541
0.22000000000000008 0.06501925902600347
0.16666666666666669 0.04855421662863817
0.15333333333333338 0.06898169244660474
0.17333333333333337 0.05715296249934805
0.12000000000000002 0.04474234029625922
0.13333333333333336 0.04748410026187804
0.20000000000000004 0.042113383436905676
0.2133333333333334 0.055661489234376964
0.26666666666666666 0.07897445108105654
0.20000000000000004 0.04131385015768554
0.2400000000000001 0.07120990259259961
0.1866666666666667 0.05270765984566151
0.17333333333333337 0.06535479481532112
0.17333333333333337 0.04648460923848462
0.22666666666666666 0.04255327286033047
0.1866666666666667 0.04915877936749895
0.12000000000000001 0.05299122174122174
0.2 0.05068754558299036
0.11333333333333334 0.057460886987801524
0.14 0.057691336441336435
0.16000000000000003 0.05023957217987068
0.16000000000000003 0.07098039943904606
0.18666666666666668 0.043933178658493145
0.24666666666666667 0.08099734778588931
0.22666666666666668 0.0706270750896192
0.15333333333333335 0.053604145102986674
0.23333333333333336 0.06668914966451124
0.20666666666666672 0.06709849233517398
0.19333333333333338 0.04522241360332656
0.23333333333333336 0.057816163489958
0.2466666666666667 0.05157253274142957
0.17333333333333337 0.07211345162582412
0.14666666666666667 0.051404850883932096
0.18666666666666668 0.05835898993793731
0.14000000000000004 0.048218728432199494
0.19333333333333338 0.05469849640192778
0.09333333333333334 0.05834776334776335
0.18 0.038647134499537245
0.18000000000000005 0.06258159673161776
0.12000000000000002 0.036717356717356715
0.10666666666666669 0.03582999772959279
0.10666666666666667 0.03841245791245791
0.14666666666666667 0.05545767051667916
0.17333333333333337 0.047350627511592795
0.12666666666666673 0.05846861186908581
0.2066666666666667 0.03755602501500334
0.19333333333333338 0.04859396254625424
0.1866666666666667 0.06054420310085456
0.12000000000000002 0.04902140213201594
0.12666666666666665 0.04799023144611379
0.12000000000000004 0.06848757850507535
0.18 0.03631516907160511
0.17333333333333337 0.05358811113745777
0.19333333333333336 0.0707608648982082
0.20666666666666667 0.058754681532459316
0.11333333333333336 0.037152103997798794
0.14000000000000004 0.04764686919955978
0.2066666666666667 0.061433179472262824
0.10666666666666667 0.052538243826690936
0.18000000000000002 0.04670810699257147
0.18000000000000005 0.06361298336534184
0.17333333333333337 0.041306740818969886
0.18666666666666668 0.04443949912621591
0.10666666666666669 0.05860449735449737
0.16666666666666669 0.06216073266225822
0.08 0.02792328042328042
0.1 0.05141879457096848
0.11999999999999998 0.0398886615436405
0.19333333333333338 0.04479106284251876
0.22000000000000006 0.06643734383706404
0.19333333333333336 0.034812919547396924
0.1866666666666667 0.05988423207992124
0.19333333333333333 0.06914931417447924
0.15333333333333338 0.05383296726267452
0.16666666666666669 0.05117362908994592
0.19333333333333336 0.039977862733670294
0.10000000000000002 0.03437709687709688
0.14000000000000004 0.04473389016557897
0.25333333333333335 0.07230502165271366
0.18000000000000002 0.05176198798400855
0.18000000000000005 0.06799487717600067
0.16000000000000006 0.043888218007628516
0.10000000000000002 0.051721302047389
0.16666666666666669 0.04351627951892627
0.20000000000000004 0.05780197000346254
0.19333333333333338 0.05054536108724088
0.19333333333333336 0.05490575248397526
0.16666666666666666 0.05557627947973216
0.15333333333333335 0.06834365960194996
0.19333333333333336 0.04423410024266653
0.20666666666666672 0.06585024402234203
0.2066666666666667 0.06421337162766166
0.19333333333333338 0.04199150822703554
0.12666666666666668 0.03341173962627863
0.20666666666666672 0.05454486762520247
0.18000000000000005 0.028201900793136708
0.1866666666666667 0.06300257014690089
0.2466666666666667 0.07213800582140137
0.22666666666666668 0.06734506448680415
0.20666666666666667 0.04350166531182857
0.12000000000000004 0.04085978835978835
0.16000000000000006 0.0649747158044081
0.16666666666666669 0.06525582725582726
0.18666666666666665 0.05865595756900104
0.22000000000000008 0.04524904961984794
0.11333333333333334 0.05088744588744588
0.3666666666666666 0.07809563014668801
0.2 0.07099994781778272
0.15333333333333335 0.04761029895120726
0.1333333333333334 0.0699065749065749
0.14666666666666667 0.03995320000282779
0.1866666666666667 0.04000827105417452
0.2066666666666667 0.07003053999377529
0.20000000000000007 0.07438197704931986
0.12666666666666668 0.044109908609908606
0.19333333333333336 0.05253402536939123
0.16000000000000003 0.051344873130587415
0.11333333333333333 0.03854657312990646
0.26000000000000006 0.06872409507781693
0.16000000000000003 0.04911953172039682
0.2066666666666667 0.0792352428285932
0.26000000000000006 0.0647324581726164
0.21333333333333337 0.05329058084362445
0.2333333333333334 0.04955359622515834
0.2533333333333333 0.048614238276992204
0.12000000000000004 0.05082946575459666
0.20666666666666667 0.04638139555163947
0.16000000000000003 0.04009757100330152
0.18000000000000002 0.055763748702034814
0.16000000000000006 0.05603999107684919
0.12666666666666668 0.05430990305990306
0.22000000000000006 0.05672010171881581
0.2266666666666667 0.0669601298608506
0.15333333333333335 0.06248312214067339
0.1466666666666667 0.054354824739566335
0.16666666666666666 0.058437679405421335
0.22000000000000006 0.08548878317322584
0.1466666666666667 0.05829486006084471
0.20000000000000007 0.06819694691123337
0.13333333333333333 0.03870726922595725
0.22000000000000003 0.04821964362645245
0.15333333333333338 0.046964582802818094
0.24000000000000005 0.05823303088794824
0.21333333333333335 0.06005630979674556
0.16000000000000006 0.04100014129457113
0.14666666666666675 0.07798963281945312
0.18000000000000002 0.05616289060516993
0.10000000000000003 0.026374667477696876
0.2 0.05987476895241761
0.13333333333333336 0.06974784474784475
0.1733333333333334 0.06137528785782742
0.2 0.06419055106065184
0.16000000000000006 0.05550773717099413
0.14000000000000004 0.04639970120598561
0.2933333333333333 0.0635981752599829
0.18666666666666668 0.06523348539678892
0.24000000000000005 0.042704117485325564
0.12666666666666668 0.0551376819309444
0.26 0.06450677720525862
0.18000000000000005 0.06207957869137993
0.1866666666666667 0.05800540343056591
0.21333333333333337 0.04044902456128984
0.13333333333333333 0.044815777790093846
0.16666666666666669 0.06711055926629254
0.17333333333333337 0.04419642474630702
0.14000000000000004 0.06269784518786162
0.16666666666666669 0.07285818475060978
0.13333333333333336 0.05678404928404927
0.16666666666666669 0.02791264240425021
0.17333333333333337 0.0693459708782329
0.24000000000000002 0.08787425205361872
0.12666666666666668 0.049527137736815156
0.10000000000000003 0.046913056218255186
0.15333333333333335 0.05954345045762277
0.17333333333333337 0.059515473696267855
0.16666666666666669 0.04869043303996742
0.12666666666666668 0.05420280036133694
0.15333333333333335 0.05667248930406825
0.16000000000000006 0.06321308104088096
0.20000000000000007 0.06667747298718578
0.24666666666666667 0.07068367105234036
0.22000000000000003 0.05446981825011202
0.31333333333333335 0.05689572889520145
0.17333333333333337 0.03805220194226861
0.12000000000000004 0.04120676685986427
0.2666666666666667 0.08166058208566701
0.15333333333333335 0.04223616080523642
0.16666666666666669 0.06383135719003627
0.19333333333333338 0.06374472332139806
0.10000000000000002 0.038086866930680315
0.14000000000000004 0.055822079155412485
0.22666666666666668 0.07943583507206094
0.21333333333333335 0.08668354295928665
0.17333333333333337 0.06460711796872905
0.11333333333333334 0.03410217130732977
0.1266666666666667 0.03844471101063394
0.19333333333333338 0.06425713677165838
0.20666666666666667 0.06426964353434941
0.09333333333333334 0.05349867724867725
0.23333333333333336 0.06567228756546355
0.16666666666666666 0.034437014192685814
0.1466666666666667 0.05487771785511812
0.19333333333333336 0.04195021034706399
0.12666666666666668 0.05294260369260369
0.10666666666666666 0.060235779783652126
0.18666666666666668 0.047069860111115774
0.2066666666666667 0.0548646174115033
0.16000000000000006 0.0709023658448211
0.20000000000000007 0.0452426086167071
0.10666666666666666 0.04318430678379286
0.13999999999999999 0.05028165602709213
0.20000000000000004 0.05995707954103755
0.16000000000000003 0.048220705820023815
0.23333333333333342 0.055510188750892774
0.14 0.04912877971701501
0.19333333333333338 0.06680190881354166
0.08666666666666667 0.04578771274591708
0.2733333333333334 0.0633665296131346
0.15333333333333335 0.043495705741517204
0.22000000000000006 0.06978865611218552
0.21333333333333337 0.05323566680835854
0.16000000000000006 0.033142787751591525
0.2133333333333334 0.08870620503990617
0.2066666666666667 0.07521429116542787
0.20666666666666672 0.06150595312742745
0.1666666666666667 0.057857565210506376
0.24000000000000005 0.04113781982478178
0.25333333333333335 0.07191613538959533
0.17333333333333334 0.04556039693615173
0.22666666666666674 0.09787937019946016
0.14666666666666667 0.03263911907842604
0.13333333333333336 0.033333325548151875
0.15333333333333338 0.07054539659640291
0.16666666666666669 0.051627506812532774
0.2 0.04841752297356651
0.1466666666666667 0.04151698720566645
0.22000000000000006 0.04808408278105285
0.14666666666666664 0.04038433692073442
0.1866666666666667 0.07816197691197692
0.22666666666666668 0.07420624214986876
0.28666666666666674 0.07854041212175902
0.14000000000000004 0.04758184969372883
0.16000000000000003 0.04691703140704339
0.1 0.032941218082491834
0.18000000000000005 0.07427312255155245
0.14666666666666667 0.05385936497239729
0.2 0.06714569084653779
0.14 0.06295748466801097
0.20000000000000007 0.06745470935969859
0.18000000000000008 0.05008397382360898
0.2133333333333334 0.06716633287179295
0.22000000000000008 0.079142424729797
0.2733333333333334 0.05553838919221286
0.2066666666666667 0.04891847703937854
0.22666666666666668 0.051175356096932384
0.24666666666666673 0.05440005875814017
0.10000000000000003 0.0403362949415581
0.2066666666666667 0.050870205483255396
0.1266666666666667 0.047296949024890206
0.2266666666666667 0.06708437999193191
0.14666666666666667 0.036003035030812806
0.22000000000000003 0.05691654603851548
0.12000000000000002 0.052237317149081856
0.2266666666666667 0.06475695370582427
0.11333333333333334 0.04094782969008975
0.18000000000000002 0.05515983515374479
0.2466666666666667 0.058657770028241484
0.22666666666666668 0.059358488946803865
0.18666666666666668 0.0746834754012798
0.18666666666666668 0.06531499466543576
0.15333333333333335 0.04481485207016532
0.16666666666666669 0.057206536602482115
0.12000000000000002 0.051444567491079125
0.22000000000000006 0.06355554647167859
0.22666666666666668 0.03978940381919129
0.11333333333333336 0.043962804934339586
0.16000000000000006 0.04222462216979546
0.1466666666666667 0.05397783292944582
0.18666666666666668 0.04149565402698503
0.20666666666666667 0.06808047982572188
0.23333333333333336 0.06360238849345602
0.15333333333333338 0.06899608070856268
0.15333333333333338 0.05690292731959399
0.22666666666666668 0.061721764706362606
0.16666666666666666 0.07067937160351381
0.22666666666666674 0.08549964624230937
0.17333333333333334 0.05210805831942129
0.16666666666666666 0.03409369264568837
0.1866666666666667 0.08033181264969727
0.2666666666666667 0.08076444997497628
0.25333333333333335 0.0764919517698187
0.15333333333333335 0.04704426199934766
0.18000000000000002 0.06441279645451721
0.18666666666666665 0.0636921767779323
0.16666666666666666 0.03458188497310421
0.22000000000000006 0.05046021687237277
0.18666666666666665 0.06211594771502606
0.19333333333333338 0.07164757195038662
0.2266666666666667 0.06937026151162774
0.22666666666666674 0.06929311439073746
0.15333333333333335 0.060178494345160996
0.1666666666666667 0.08309732664995823
0.16666666666666669 0.07182033940770499
0.1466666666666667 0.053325765418156715
0.16000000000000003 0.04246109218863722
0.12666666666666668 0.042545754898696074
0.15333333333333332 0.03921948970623715
0.20000000000000004 0.0677184219078702
0.16666666666666669 0.06255735499800781
0.20000000000000007 0.07699111074111074
0.1266666666666667 0.03332446342950545
0.14000000000000004 0.04823549165454176
0.19333333333333336 0.05542353253355877
0.19333333333333336 0.05277589754317578
0.12666666666666668 0.045874502715747986
0.14000000000000004 0.03972933742410025
0.16000000000000003 0.0518535663584715
0.12666666666666668 0.03533850408850409
0.25333333333333335 0.07184713453476131
0.14 0.05171882911811112
0.15333333333333335 0.05085517504492838
0.18000000000000005 0.07005070175477571
0.2266666666666667 0.05124971968698677
0.1066666666666667 0.04921319757813565
0.20666666666666672 0.05195087498445873
0.15333333333333338 0.05488950774758328
0.16666666666666669 0.059384774228357126
0.2533333333333334 0.06684570540903415
0.17333333333333337 0.05679829144876539
0.26 0.06553252861860075
0.16000000000000006 0.05261947059021513
0.14 0.044970439212474345
0.1933333333333334 0.05325893048343431
0.1 0.04953125876512973
0.10666666666666667 0.038757321527990815
0.2533333333333333 0.05134369667440629
0.2933333333333334 0.07466999897692195
0.20000000000000007 0.0693323805823806
0.16000000000000003 0.046528055413089894
0.16666666666666666 0.04637241804956886
0.18000000000000005 0.05587257767511014
0.10000000000000002 0.02512856113918916
0.14 0.06426401362004043
0.12000000000000002 0.04875801564781065
0.22666666666666668 0.07540687902190617
0.14666666666666667 0.07001054433903797
0.12666666666666668 0.05424843674843675
0.2733333333333334 0.0671518136379998
0.14666666666666667 0.05225568256079316
0.08666666666666667 0.03463671700564284
0.21333333333333337 0.044865064388504634
0.18000000000000005 0.058769730269730265
0.22666666666666668 0.051029260962396884
0.12000000000000002 0.05266576693405962
0.16666666666666669 0.028821133774031386
0.2266666666666667 0.05916812472193642
0.30666666666666664 0.05892130275306247
0.12666666666666668 0.03893413856034979
0.22666666666666668 0.04564660028162764
0.14666666666666667 0.06426979287854927
0.21333333333333337 0.08214842034918758
0.11333333333333336 0.056056489262371625
0.12000000000000002 0.04285964087508008
0.06666666666666667 0.03362891737891738
0.25333333333333335 0.07811076397680868
0.10666666666666669 0.045743853096794275
0.16666666666666669 0.05001393046278831
0.17333333333333337 0.06370963952427827
0.11333333333333336 0.03731193216107009
0.23333333333333336 0.09423816767037105
0.1666666666666667 0.05328609175100403
0.2200000000000001 0.08663060838370434
0.17333333333333337 0.05979500925204922
0.10000000000000002 0.056748436748436756
0.19333333333333336 0.045121569500414314
0.14000000000000004 0.049303362619911945
0.22000000000000006 0.05822306356641622
0.18000000000000002 0.05159549952586461
0.2733333333333334 0.07664007863765453
0.20666666666666667 0.04385585585175966
0.12000000000000004 0.06193139376962906
0.15333333333333332 0.059065026070896275
0.11333333333333334 0.03846573825814962
0.16000000000000006 0.06148267201208377
0.22666666666666666 0.06471348713392334
0.08666666666666666 0.05206102377155009
0.16666666666666669 0.07950082606604345
0.2133333333333334 0.0524255231952935
0.2533333333333334 0.07814078844726194
0.12666666666666668 0.03932707649058596
0.22000000000000006 0.06882428455861438
0.17333333333333337 0.04980574820439081
0.19333333333333336 0.03874375170943799
0.1333333333333334 0.04941295178076926
0.24000000000000005 0.05489691631993756
0.18666666666666668 0.07150806136828501
0.1266666666666667 0.03406104666770868
0.1666666666666667 0.051154151090591765
0.13333333333333336 0.031726518165925185
0.3 0.06870657302089701
0.2133333333333334 0.05597807308683529
0.12666666666666668 0.03795074597400179
0.23333333333333334 0.06882169830447497
0.18666666666666668 0.0344089903089168
0.21333333333333335 0.044573522469543006
0.12000000000000004 0.053110094091969866
0.16666666666666669 0.055250932993341544
0.19333333333333336 0.051388872801916285
0.16000000000000003 0.046707441104451373
0.1666666666666667 0.06452168589276698
0.22000000000000003 0.04623607893359913
0.14666666666666667 0.022791749900304303
0.09333333333333334 0.03681130403770622
0.14 0.050434417953227804
0.19333333333333336 0.07158043525609938
0.18000000000000002 0.058517191638982564
0.1866666666666667 0.04218828065602258
0.18000000000000002 0.05018342637692155
0.16000000000000006 0.049500765198086015
0.29333333333333333 0.0826149514896525
0.2066666666666667 0.054379495135501756
0.1866666666666667 0.0415584589898866
0.20666666666666672 0.07517319219976598
0.18000000000000008 0.054862607475851734
0.20000000000000004 0.059375486945820025
0.17333333333333334 0.0441606030054306
0.2066666666666667 0.0629008732493027
0.16666666666666669 0.055109284146152425
0.08666666666666668 0.03211505814446991
0.16000000000000006 0.05768504322010551
0.16 0.048719788958044435
0.2066666666666667 0.0692115127783987
0.14000000000000004 0.04265203859268155
0.17333333333333337 0.054931803575073296
0.15333333333333338 0.03496044414672904
0.2866666666666667 0.06396033812571639
0.21333333333333337 0.06817641787573298
0.16 0.06163598537182515
0.14666666666666667 0.06568756238127435
0.28666666666666674 0.06991260525361061
0.14666666666666667 0.039556076989268926
0.16666666666666669 0.062087802885955924
0.18000000000000002 0.05254480805105694
0.10666666666666669 0.05750955672008305
0.1466666666666667 0.04458870695893359
0.10000000000000002 0.02897229989027893
0.15333333333333332 0.052440700478334885
0.25333333333333335 0.052461062460776975
0.2333333333333334 0.08521232432006041
0.1 0.03954421939716057
0.21333333333333337 0.05991932636438871
0.22666666666666674 0.05340281176928809
0.15333333333333338 0.05833976057665455
0.16666666666666669 0.060424054776610434
0.21333333333333335 0.05822101362933889
0.14666666666666667 0.041626406048312754
0.18000000000000005 0.049356606422538044
0.15333333333333338 0.06459433174000102
0.17333333333333334 0.04892662022591906
0.19333333333333336 0.04516900438627194
0.22000000000000006 0.053204663421486685
0.18000000000000005 0.0584857990688744
0.19333333333333338 0.04669494200773215
0.26 0.05698364108082102
0.09333333333333334 0.034734677087618265
0.30666666666666675 0.07376668526779562
0.15333333333333338 0.03748183037297808
0.19333333333333336 0.06349990374799715
0.04666666666666666 0.025630850630850632
0.15333333333333332 0.04530131981452113
0.18000000000000005 0.05117946083186057
0.20000000000000007 0.051824162117044076
0.24000000000000005 0.06419698238264279
0.10666666666666667 0.04917255248776987
0.14666666666666664 0.046873442600852105
0.15333333333333338 0.03901264494401749
0.16000000000000006 0.05577860592073258
0.18666666666666668 0.044930977117998504
0.18000000000000002 0.06214041514041513
0.14000000000000004 0.06331180547564766
0.2066666666666667 0.0440627681639567
0.15333333333333332 0.04632216686476321
0.14666666666666667 0.02815675666290633
0.13333333333333333 0.0450241288791745
0.2733333333333333 0.06311375446204111
0.16666666666666669 0.05161857471803588
0.08666666666666667 0.04551652089407191
0.14666666666666667 0.04265209345836445
0.15333333333333338 0.07283413848631239
0.22666666666666668 0.06089932613966276
0.18000000000000005 0.05066988118835452
0.2333333333333334 0.056902538538199154
0.18000000000000005 0.054131831131831135
0.16000000000000006 0.046464131153357666
0.17333333333333337 0.04969568928506997
0.21333333333333335 0.05490602130348192
0.16000000000000003 0.0658544885783975
0.15333333333333338 0.04481791449141692
0.18000000000000002 0.06353006356067983
0.1066666666666667 0.048420514000224145
0.07333333333333332 0.03430000738808472
0.2533333333333334 0.0562035321795864
0.3133333333333333 0.06299293690214178
0.14666666666666667 0.035672324751272126
0.11333333333333336 0.04429937499813276
0.12000000000000002 0.05295206682961785
0.14 0.06888979685032318
0.16666666666666666 0.049576220280883335
0.20000000000000007 0.07249595677227257
0.23333333333333334 0.05734192413335468
0.1466666666666667 0.040379880557358035
0.19333333333333338 0.060860440192325255
0.16666666666666669 0.04871488976140139
0.18000000000000005 0.04827172618041409
0.24000000000000002 0.06104073655926089
0.09333333333333335 0.04524771524771524
0.1666666666666667 0.04320230755524874
0.1466666666666667 0.04896769534024436
0.12000000000000004 0.04298171624384119
0.12000000000000002 0.059692634363687
0.1733333333333334 0.0370892589896655
0.25333333333333335 0.05856730432923162
0.12000000000000005 0.06310763310763311
0.1466666666666667 0.05387920558973191
0.13333333333333336 0.06015271732378666
0.12666666666666668 0.045807986494261
0.14666666666666667 0.06416165964778126
0.18000000000000005 0.0610190374354461
0.18000000000000002 0.04412951262025121
0.14 0.06597619047619047
0.3 0.08356185448371194
0.20000000000000004 0.04530102368301126
0.2666666666666667 0.06669762275586642
0.09333333333333332 0.03930329580782557
0.16 0.04613267263384099
0.19333333333333338 0.06629719159291061
0.30000000000000004 0.0698869575440931
0.10666666666666669 0.043499166058174714
0.20000000000000004 0.04149611450871655
0.16000000000000006 0.05348417880581623
0.16000000000000003 0.04522882843226534
0.2266666666666667 0.06207809327035621
0.20666666666666667 0.06769272050932588
0.14 0.03021187663648623
0.16000000000000003 0.043720836113309236
0.21333333333333335 0.04560687693705309
0.1 0.03009293793504841
0.19333333333333336 0.0543416844221702
0.22666666666666668 0.05572427662572737
0.23333333333333334 0.04205181150156302
0.14000000000000004 0.04727447592857843
0.20000000000000004 0.063087097844195
0.18000000000000005 0.05378762536524008
0.13333333333333336 0.04749667068696919
0.1866666666666667 0.04429611652482684
0.14 0.04018551508756422
0.11333333333333334 0.044408771954212875
0.14666666666666667 0.04122110183578074
0.22000000000000006 0.0730576940145693
0.16000000000000003 0.07648542621182841
0.17333333333333337 0.03267890094713105
0.16666666666666669 0.0562225360430973
0.2133333333333334 0.08290670561723192
0.26000000000000006 0.06797962157048605
0.1866666666666667 0.05337532654511299
0.16000000000000003 0.05262153925079622
0.16666666666666669 0.040336895522263154
0.1666666666666667 0.05798505393222302
0.24000000000000007 0.07901874706047436
0.12666666666666668 0.040418456866144745
0.15333333333333338 0.0439995260907305
0.2066666666666667 0.060022454890315075
0.28666666666666657 0.07007538713890801
0.09333333333333335 0.042200357613401095
0.22000000000000003 0.0685335747264339
0.18666666666666668 0.03587069454725536
0.19333333333333333 0.05363828175194498
0.19333333333333338 0.06991662476956595
0.21333333333333332 0.03940874907670909
0.22000000000000003 0.06202999535656849
0.08666666666666668 0.025347500207180493
0.15333333333333338 0.0703845706265061
0.22000000000000003 0.05383248586557685
0.10000000000000002 0.034755809324774845
0.17333333333333337 0.04898965178984364
0.2000000000000001 0.051302420517090726
0.16666666666666669 0.04703334081490034
0.09333333333333334 0.031513467518581605
0.18000000000000005 0.06791080519914688
0.18000000000000002 0.055978152917111494
0.22000000000000003 0.05863749164237966
0.08000000000000002 0.032532463782463786
0.17333333333333334 0.04505705039335726
0.16666666666666669 0.045504469658821156
0.16666666666666669 0.04723694551730157
0.15333333333333335 0.05219625585484399
0.13333333333333333 0.06429421768707483
0.20666666666666672 0.071418464709427
0.13333333333333333 0.05261327176763832
0.1866666666666667 0.0583855951211449
0.1733333333333334 0.05903912193427672
0.2266666666666667 0.04967923563799618
0.2066666666666667 0.055056414278759104
0.12666666666666668 0.03989892892022709
0.22000000000000006 0.061636376613723724
0.1666666666666667 0.057172068829778246
0.12666666666666668 0.034805394768630066
0.1 0.03658313047106151
0.2 0.032383370932414786
0.31333333333333335 0.07903724448700497
0.17333333333333337 0.059364647697981034
0.09333333333333335 0.04040232662265685
0.25333333333333335 0.05343436410933736
0.13333333333333336 0.03470768380762781
0.10666666666666666 0.033671578688318264
0.16000000000000006 0.05274430244772102
0.21333333333333337 0.048501761545124956
0.2266666666666667 0.06836136956237494
0.11333333333333336 0.027724259620064456
0.15333333333333335 0.05106537870374307
0.18666666666666673 0.051874476562808094
0.16000000000000003 0.050113525209991266
0.09333333333333334 0.06250214210740526
0.15333333333333335 0.042680182905117055
0.09333333333333335 0.03740378470871284
0.10666666666666669 0.024397930494353803
0.24000000000000007 0.083792942762241
0.16666666666666666 0.056853468571496264
0.26000000000000006 0.06607383490008503
0.1866666666666667 0.053342470424019475
0.21333333333333337 0.04689968884130758
0.20000000000000007 0.054276780944340824
0.21333333333333337 0.05684790944241393
0.1266666666666667 0.047904241382538675
0.2733333333333333 0.07221989514382549
0.22000000000000006 0.06343181190770282
0.14666666666666667 0.053854687871536334
0.24000000000000002 0.04441247842791377
0.1933333333333334 0.06889277082287476
0.12000000000000002 0.047740428295983864
0.17333333333333337 0.04601957160940827
0.2066666666666667 0.05972561600642986
0.11333333333333336 0.04707350127025584
0.22666666666666668 0.07018452981911052
0.14000000000000004 0.05843097433042713
0.2266666666666667 0.06160495022322591
0.18000000000000002 0.05888992799648797
0.18666666666666668 0.05444553810930768
0.14 0.0554081102045152
0.2066666666666667 0.04995429103430681
0.12666666666666668 0.053366174055829226
0.22000000000000003 0.038013827691785455
0.2666666666666667 0.052017229801476016
0.13333333333333336 0.048208411791845165
0.23333333333333336 0.06776017449368495
0.16666666666666669 0.05277041313079357
0.1466666666666667 0.05573875606341282
0.2 0.05191661847782438
0.14 0.04175438596491228
0.2466666666666667 0.0663699454886091
0.21333333333333335 0.0453030064887372
0.14 0.06182460472277343
0.12666666666666668 0.046730752907223484
0.20000000000000004 0.06832525887848018
0.22000000000000006 0.050443208782324
0.2666666666666667 0.10365668293719571
0.22666666666666668 0.053328780122785004
0.14 0.041335906970108596
0.18000000000000005 0.039939139466784984
0.20666666666666675 0.05896646079440788
0.20666666666666667 0.0735416551187853
0.15333333333333338 0.052690148126557104
0.11333333333333333 0.039646526288933844
0.14 0.03913258028642644
0.2733333333333334 0.06835027259431611
0.1733333333333334 0.0497120364936783
0.1866666666666667 0.07562884483937116
0.20666666666666672 0.07799977525420224
0.21333333333333335 0.05262199844166034
0.13333333333333336 0.039820497733016685
0.12000000000000002 0.04331751219006121
0.16000000000000006 0.04733220306987871
0.16000000000000003 0.05116913385792104
0.21333333333333337 0.07796412151702367
0.2066666666666667 0.027750193396764485
0.11333333333333336 0.046669465792014815
0.14666666666666667 0.052612161203639186
0.1733333333333334 0.04322996360159713
0.1733333333333334 0.0789743287177449
0.15333333333333335 0.038897730917504925
0.16 0.05534873932693405
0.13333333333333336 0.05228886215020198
0.3133333333333334 0.07710873021772877
0.18666666666666668 0.04697005013423559
0.1666666666666667 0.05051282308088897
0.16000000000000003 0.04728890404414408
0.19333333333333336 0.02602842055940294
0.17333333333333337 0.05039598401827503
0.1266666666666667 0.03754889123954406
0.1466666666666667 0.05516853876945738
0.21333333333333335 0.058036019842545736
0.17333333333333337 0.04762695820709342
0.08666666666666667 0.045752303252303256
0.20666666666666672 0.07308315652501517
0.18000000000000005 0.052477734683617036
0.14666666666666667 0.03999549348210875
0.14666666666666667 0.034548050988698537
0.1466666666666667 0.04516309039339006
0.21333333333333337 0.06901098564212911
0.22000000000000003 0.03982998272741908
0.1466666666666667 0.044508424992796634
0.20000000000000004 0.061614856744445064
0.25333333333333335 0.07010510788466727
0.20000000000000004 0.07071850805981124
0.2466666666666667 0.06664548235321244
0.2666666666666667 0.080356754272831
0.11333333333333334 0.03193145893145893
0.14 0.0387422849481673
0.13333333333333333 0.047525512198499806
0.2533333333333334 0.07452135446647383
0.1466666666666667 0.04712860816689499
0.20000000000000007 0.06573871786358762
0.11333333333333334 0.03907308139015456
0.17333333333333337 0.05168118872706183
0.20666666666666672 0.054676788205789716
0.19333333333333338 0.0509659413514483
0.1866666666666667 0.044238766793234234
0.11333333333333334 0.04090732997079747
0.1466666666666667 0.05180670413553731
0.16666666666666669 0.06616373767548103
0.17333333333333337 0.056091059895193744
0.19333333333333338 0.07382330120338595
0.20000000000000004 0.050522749761171167
0.14 0.05049907698238624
0.20666666666666672 0.0620349768877683
0.22000000000000003 0.06297958299176341
0.04666666666666666 0.021074540927482104
0.17333333333333337 0.04095470793607495
0.1666666666666667 0.038977215670884635
0.15333333333333335 0.04150932673934041
0.16666666666666666 0.0664739047720578
0.12666666666666668 0.052879990379990374
0.19333333333333336 0.06392903828197946
0.07333333333333332 0.033117615712339094
0.20000000000000004 0.0539621378250491
0.21333333333333337 0.06096901032977883
0.14666666666666667 0.05381784425553089
0.12000000000000002 0.04377908898806732
0.19333333333333338 0.05742272915271078
0.18000000000000002 0.06190538692473677
0.1666666666666667 0.04355073670291061
0.20000000000000007 0.0721427712738965
0.16000000000000006 0.06542107138506238
0.18000000000000005 0.05663971317649706
0.20666666666666667 0.033637884394827906
0.12000000000000001 0.04827377368768097
0.13333333333333336 0.05178608604241516
0.18000000000000002 0.07938303575598657
0.10000000000000002 0.04306969985411569
0.22000000000000003 0.04602306110743984
0.10000000000000002 0.0376709748226776
0.15333333333333335 0.03345398462735253
0.12666666666666668 0.04156750033595621
0.16000000000000003 0.052116477577003884
0.17333333333333337 0.08153213594565065
0.15333333333333338 0.07172934728334532
0.16000000000000003 0.052006939811601496
0.14000000000000004 0.05264313045989459
0.14000000000000004 0.05852358124499684
0.12000000000000001 0.05217345190527635
0.16000000000000003 0.05254550552613882
0.24000000000000005 0.0550031490735462
0.20666666666666667 0.040340933148842475
