0.1 0.002202229927348411
0.03333333333333333 0.00042735042735042735
0.03333333333333333 0.00012919896640826872
0.03333333333333333 0.0013888888888888887
0.0 0.0
0.0 0.0
0.06666666666666667 0.005308352849336455
0.0 0.0
0.0 0.0
0.0 0.0
0.03333333333333333 0.00023148148148148146
0.03333333333333333 0.0020833333333333333
0.06666666666666667 0.002676767676767677
0.06666666666666667 0.0014862914862914863
0.06666666666666667 0.0009893749731148106
0.1 0.00397054601340967
0.06666666666666667 0.002678571428571428
0.03333333333333333 0.00014814814814814815
0.06666666666666667 0.004188034188034188
0.03333333333333333 0.0008547008547008547
0.1 0.0037516187516187516
0.03333333333333333 0.0005376344086021505
0.06666666666666667 0.0014148273910582908
0.1 0.0056410256410256415
0.13333333333333333 0.002252942910143721
0.03333333333333333 0.0002487562189054726
0.06666666666666667 0.0010754753216823507
0.1 0.002901098901098901
0.1 0.002088919288645691
0.03333333333333333 0.0015873015873015873
0.06666666666666667 0.0007985223074737141
0.03333333333333333 0.0002976190476190476
0.06666666666666667 0.00249554367201426
0.03333333333333333 0.00026246719160104987
0.1 0.0025704360934286955
0.03333333333333333 0.0022222222222222222
0.0 0.0
0.06666666666666667 0.002416052416052416
0.0 0.0
0.03333333333333333 0.0007751937984496124
0.03333333333333333 0.00035460992907801415
0.0 0.0
0.03333333333333333 0.00043290043290043295
0.03333333333333333 0.0023809523809523807
0.1 0.006316137566137566
0.0 0.0
0.0 0.0
0.03333333333333333 0.0013333333333333333
0.06666666666666667 0.0006515527784453524
0.0 0.0
0.06666666666666667 0.0014862914862914863
0.1 0.002107758142240901
0.03333333333333333 0.0013888888888888887
0.13333333333333333 0.0048600217864923755
0.1 0.0022297008547008546
0.0 0.0
0.06666666666666667 0.0013647109391790244
0.0 0.0
0.0 0.0
0.13333333333333333 0.002278171031344465
0.2 0.003948017877395443
0.13333333333333333 0.0037173937173937176
0.03333333333333333 0.0023809523809523807
0.06666666666666667 0.0031851851851851854
0.1 0.003039993775287893
0.1 0.005481322410456268
0.1 0.002762113617376775
0.0 0.0
0.06666666666666667 0.0014023330851327873
0.03333333333333333 0.0033333333333333335
0.03333333333333333 0.0002976190476190476
0.03333333333333333 0.0008771929824561403
0.06666666666666667 0.001745014245014245
0.03333333333333333 0.0007751937984496124
0.0 0.0
0.06666666666666667 0.0002336889812104617
0.03333333333333333 0.0011904761904761904
0.03333333333333333 0.00010319917440660476
0.06666666666666667 0.004193899782135076
0.1 0.0029865967365967365
0.06666666666666667 0.0016035963499731614
0.03333333333333333 0.00045045045045045046
0.06666666666666667 0.0010722250814891063
0.1 0.0030394524959742346
0.03333333333333333 0.0011111111111111111
0.03333333333333333 0.00028735632183908046
0.0 0.0
0.03333333333333333 0.0033333333333333335
0.1 0.0022460052025269415
0.03333333333333333 0.0011904761904761904
0.03333333333333333 0.0002754820936639119
0.06666666666666667 0.003181818181818182
0.1 0.0009676970203285993
0.13333333333333333 0.006170634920634921
0.06666666666666667 0.001045828437132785
0.0 0.0
0.1 0.0034466464813285623
0.06666666666666667 0.000961156278229449
0.03333333333333333 0.0002976190476190476
0.13333333333333333 0.004140513957587129
0.0 0.0
0.1 0.004374201787994891
0.03333333333333333 0.00035460992907801415
0.0 0.0
0.0 0.0
0.03333333333333333 0.0009523809523809524
0.13333333333333333 0.003933060734531323
0.0 0.0
0.1 0.0010718403502623412
0.0 0.0
0.0 0.0
0.06666666666666667 0.0007697581650461231
0.03333333333333333 0.0005555555555555556
0.06666666666666667 0.0006992066693559232
0.06666666666666667 0.001009700176366843
0.0 0.0
0.06666666666666667 0.002341269841269841
0.03333333333333333 0.0020833333333333333
0.03333333333333333 0.0009009009009009009
0.0 0.0
0.0 0.0
0.06666666666666667 0.0013706223230032753
0.06666666666666667 0.002044513457556936
0.03333333333333333 0.0013888888888888887
0.03333333333333333 0.0001926782273603083
0.03333333333333333 0.0002331002331002331
0.03333333333333333 0.0005555555555555556
0.06666666666666667 0.000577827969132317
0.03333333333333333 0.0015151515151515152
0.06666666666666667 0.0007738095238095238
0.13333333333333333 0.004743989670460259
0.03333333333333333 0.0011111111111111111
0.06666666666666667 0.0007228149304652037
0.06666666666666667 0.0012183612183612185
0.13333333333333333 0.0038287638287638286
0.06666666666666667 0.0014235764235764235
0.06666666666666667 0.0005237154150197628
0.0 0.0
0.2 0.004724258298921403
0.03333333333333333 0.00043290043290043295
0.03333333333333333 0.0011111111111111111
0.03333333333333333 0.0016666666666666668
0.1 0.002233679958798442
0.06666666666666667 0.0009201213346814965
0.1 0.0038778280542986427
0.1 0.004061447811447811
0.06666666666666667 0.0005908783159967994
0.03333333333333333 9.689922480620155e-05
0.13333333333333333 0.0034502286790422387
0.1 0.0016885052639716291
0.06666666666666667 0.001264720942140297
0.0 0.0
0.1 0.002595398428731762
0.06666666666666667 0.0004369872614090778
0.06666666666666667 0.002214960058097313
0.06666666666666667 0.0010931201748992279
0.06666666666666667 0.0008850762527233115
0.06666666666666667 0.000855090062740336
0.06666666666666667 0.0008267195767195767
0.1 0.0016815493172049145
0.03333333333333333 0.0017543859649122805
0.03333333333333333 0.00015360983102918587
0.0 0.0
0.1 0.0034317316670257844
0.03333333333333333 0.00018832391713747646
0.03333333333333333 0.00022831050228310502
0.06666666666666667 0.0013350020859407593
0.06666666666666667 0.003950617283950617
0.0 0.0
0.06666666666666667 0.0009497138682576403
0.03333333333333333 0.0017543859649122805
0.1 0.005422334612254389
0.0 0.0
0.1 0.007467532467532467
0.0 0.0
0.06666666666666667 0.0014554659072931497
0.1 0.0009004451292586885
0.06666666666666667 0.002920634920634921
0.03333333333333333 0.00014005602240896358
0.06666666666666667 0.0008981314044605184
0.06666666666666667 0.00032838070628768304
0.03333333333333333 0.0013333333333333333
0.1 0.004361577964519141
0.1 0.0027515140279322707
0.1 0.0020985221674876845
0.13333333333333333 0.0033317868365305313
0.03333333333333333 0.0004761904761904762
0.03333333333333333 0.0015151515151515152
0.03333333333333333 0.0009523809523809524
0.1 0.003370658876987991
0.1 0.0017595921550723813
0.06666666666666667 0.0021135265700483095
0.0 0.0
0.06666666666666667 0.0027243589743589742
0.06666666666666667 0.0032356532356532354
0.0 0.0
0.03333333333333333 0.0017543859649122805
0.03333333333333333 0.0006944444444444444
0.03333333333333333 0.0001557632398753894
0.03333333333333333 0.0007751937984496124
0.03333333333333333 0.002564102564102564
0.03333333333333333 0.0005747126436781609
0.03333333333333333 0.0008771929824561403
0.03333333333333333 0.0017543859649122805
0.2 0.006110308765699886
0.1 0.002802181478652067
0.03333333333333333 0.0011904761904761904
0.0 0.0
0.0 0.0
0.03333333333333333 0.0037037037037037034
0.0 0.0
0.0 0.0
0.06666666666666667 0.0010846560846560845
0.03333333333333333 0.0037037037037037034
0.06666666666666667 0.003968253968253968
0.06666666666666667 0.0015934065934065933
0.06666666666666667 0.001965669988925803
0.06666666666666667 0.0014529433820772402
0.06666666666666667 0.0014099616858237547
0.06666666666666667 0.0012093726379440663
0.06666666666666667 0.0016513560804899386
0.06666666666666667 0.0035555555555555553
0.03333333333333333 0.00031446540880503143
0.06666666666666667 0.002638888888888889
0.06666666666666667 0.0007964954201513341
0.1 0.004962406015037594
0.03333333333333333 0.000546448087431694
0.1 0.0018995033342235636
0.03333333333333333 0.0011111111111111111
0.06666666666666667 0.002395411605937922
0.0 0.0
0.06666666666666667 0.0005674064497593909
0.03333333333333333 0.002564102564102564
0.06666666666666667 0.001984126984126984
0.13333333333333333 0.004150625504439064
0.0 0.0
0.0 0.0
0.03333333333333333 0.00046948356807511736
0.06666666666666667 0.0009510414573705712
0.0 0.0
0.03333333333333333 0.00028735632183908046
0.0 0.0
0.1 0.002288383571302662
0.06666666666666667 0.0008827683615819209
0.03333333333333333 0.00015360983102918587
0.06666666666666667 0.0026788432267884324
0.06666666666666667 0.0003643649240518125
0.0 0.0
0.03333333333333333 0.00028735632183908046
0.0 0.0
0.03333333333333333 0.000980392156862745
0.0 0.0
0.06666666666666667 0.0030555555555555557
0.1 0.004342793880837359
0.0 0.0
0.0 0.0
0.1 0.001926608744790563
0.03333333333333333 0.00043290043290043295
0.06666666666666667 0.0028711484593837533
0.0 0.0
0.0 0.0
0.06666666666666667 0.002869352869352869
0.03333333333333333 0.002564102564102564
0.1 0.0030555555555555557
0.03333333333333333 0.0018518518518518517
0.0 0.0
0.06666666666666667 0.0022897897897897895
0.0 0.0
0.13333333333333333 0.004996666124573101
0.1 0.002766430646332607
0.03333333333333333 0.0017543859649122805
0.06666666666666667 0.0012408925318761384
0.13333333333333333 0.0027073781240235456
0.06666666666666667 0.0023237179487179487
0.0 0.0
0.16666666666666666 0.0034771600948071534
0.1 0.004694749694749695
0.0 0.0
0.1 0.001450580232092837
0.03333333333333333 0.0008547008547008547
0.0 0.0
0.03333333333333333 0.00028011204481792715
0.1 0.002977090817419802
0.03333333333333333 0.00014814814814814815
0.1 0.0038776736361451573
0.06666666666666667 0.002896341463414634
0.0 0.0
0.06666666666666667 0.004782608695652174
0.1 0.00490079365079365
0.1 0.004970978441127694
0.03333333333333333 0.004166666666666667
0.03333333333333333 0.00101010101010101
0.1 0.002796451914098973
0.16666666666666666 0.0026183576284771535
0.06666666666666667 0.00170335429769392
0.06666666666666667 0.0013499064421277733
0.0 0.0
0.03333333333333333 9.363295880149813e-05
0.03333333333333333 0.00012919896640826872
0.03333333333333333 0.00035460992907801415
0.0 0.0
0.16666666666666666 0.005808260861736798
0.03333333333333333 0.0014492753623188406
0.06666666666666667 0.0011407048695184288
0.16666666666666666 0.004252537479993967
0.06666666666666667 0.0026397515527950307
0.03333333333333333 0.0011111111111111111
0.06666666666666667 0.0017799798146618953
0.1 0.005677816901408451
0.06666666666666667 0.0036062378167641324
0.03333333333333333 0.0006944444444444444
0.06666666666666667 0.00027270678386297046
0.03333333333333333 0.0013333333333333333
0.06666666666666667 0.0018154761904761905
0.06666666666666667 0.0012857142857142856
0.0 0.0
0.0 0.0
0.16666666666666666 0.0029090209865625734
0.03333333333333333 0.0022222222222222222
0.1 0.0049941724941724944
0.06666666666666667 0.0035444947209653096
0.06666666666666667 0.004615384615384616
0.1 0.0053138219804886476
0.0 0.0
0.06666666666666667 0.0007413798613108363
0.03333333333333333 0.0011111111111111111
0.06666666666666667 0.002804232804232804
0.0 0.0
0.0 0.0
0.03333333333333333 0.0005952380952380952
0.06666666666666667 0.0008452742799247359
0.0 0.0
0.06666666666666667 0.0014102564102564104
0.13333333333333333 0.0032739613149449214
0.0 0.0
0.06666666666666667 0.005952380952380951
0.06666666666666667 0.00036398467432950194
0.13333333333333333 0.00666256157635468
0.0 0.0
0.03333333333333333 0.000546448087431694
0.0 0.0
0.06666666666666667 0.0017050298380221654
0.06666666666666667 0.0014187866927592955
0.03333333333333333 0.0013888888888888887
0.0 0.0
0.06666666666666667 0.0009498480243161094
0.06666666666666667 0.0024725274725274724
0.0 0.0
0.03333333333333333 0.0002754820936639119
0.13333333333333333 0.004465213960827996
0.03333333333333333 0.002564102564102564
0.2 0.00530091816018845
0.03333333333333333 0.00042735042735042735
0.03333333333333333 0.000641025641025641
0.03333333333333333 0.0011904761904761904
0.06666666666666667 0.0014988290398126464
0.1 0.0032002378901603706
0.03333333333333333 0.0011904761904761904
0.03333333333333333 0.0009009009009009009
0.0 0.0
0.0 0.0
0.03333333333333333 0.0001557632398753894
0.03333333333333333 0.00017636684303350968
0.0 0.0
0.03333333333333333 0.0004761904761904762
0.06666666666666667 0.0012492093611638202
0.06666666666666667 0.0007022113273070835
0.1 0.0015204740614576681
0.03333333333333333 0.0016666666666666668
0.03333333333333333 0.0012345679012345679
0.06666666666666667 0.0018001525553012967
0.13333333333333333 0.005744609657653136
0.06666666666666667 0.0027601809954751135
0.2 0.004287161502340633
0.06666666666666667 0.001339497392128971
0.06666666666666667 0.002564102564102564
0.06666666666666667 0.0014745670995670998
0.03333333333333333 0.0012345679012345679
0.0 0.0
0.1 0.002626948215183509
0.0 0.0
0.06666666666666667 0.005615942028985507
0.0 0.0
0.2 0.003348292172760258
0.13333333333333333 0.0014602102134364558
0.0 0.0
0.03333333333333333 0.0006944444444444444
0.06666666666666667 0.0007552742616033756
0.0 0.0
0.06666666666666667 0.0024675324675324673
0.06666666666666667 0.0013157894736842105
0.16666666666666666 0.004809681749980257
0.06666666666666667 0.0025676937441643324
0.06666666666666667 0.003087719298245614
0.03333333333333333 0.0013333333333333333
0.03333333333333333 0.000641025641025641
0.13333333333333333 0.0033180544945250827
0.06666666666666667 0.0030352303523035235
0.0 0.0
0.03333333333333333 0.0005952380952380952
0.06666666666666667 0.0008438818565400844
0.0 0.0
0.03333333333333333 0.00011494252873563218
0.03333333333333333 0.00026246719160104987
0.0 0.0
0.0 0.0
0.0 0.0
0.1 0.005010454002389486
0.06666666666666667 0.002401433691756272
0.0 0.0
0.0 0.0
0.03333333333333333 0.0018518518518518517
0.03333333333333333 0.00028735632183908046
0.0 0.0
0.1 0.003041164331486912
0.1 0.0011341582496099411
0.06666666666666667 0.0025095785440613027
0.03333333333333333 0.00010319917440660476
0.1 0.005343095033017514
0.03333333333333333 0.0015873015873015873
0.1 0.0036354326676907318
0.03333333333333333 0.0003333333333333333
0.06666666666666667 0.0018872939925571504
0.06666666666666667 0.0022005772005772007
0.03333333333333333 0.0006944444444444444
0.1 0.0016982903097814178
0.03333333333333333 0.0006802721088435374
0.03333333333333333 0.0006944444444444444
0.03333333333333333 0.0047619047619047615
0.03333333333333333 0.0003174603174603175
0.06666666666666667 0.0015476190476190477
0.1 0.0019516643866849064
0.06666666666666667 0.0017556017556017557
0.0 0.0
0.1 0.0011361217539378459
0.0 0.0
0.03333333333333333 0.00042735042735042735
0.03333333333333333 0.0020833333333333333
0.03333333333333333 0.0001984126984126984
0.03333333333333333 0.0047619047619047615
0.06666666666666667 0.0013440860215053762
0.06666666666666667 0.003823529411764706
0.06666666666666667 0.0025163398692810454
0.1 0.0031499202551834127
0.16666666666666666 0.0035208286675509717
0.13333333333333333 0.0027085644058121123
0.0 0.0
0.0 0.0
0.0 0.0
0.1 0.002775289844255361
0.13333333333333333 0.0018051058577374368
0.03333333333333333 0.0011111111111111111
0.1 0.003132350906323509
0.03333333333333333 0.0003174603174603175
0.1 0.003494790423924282
0.03333333333333333 0.0010416666666666667
0.03333333333333333 0.0005747126436781609
0.03333333333333333 0.00014492753623188405
0.0 0.0
0.06666666666666667 0.0026297814207650273
0.0 0.0
0.06666666666666667 0.001543859649122807
0.06666666666666667 0.0021367521367521365
0.1 0.003619983005947918
0.03333333333333333 0.0004901960784313725
0.0 0.0
0.0 0.0
0.03333333333333333 0.0007751937984496124
0.06666666666666667 0.0004060015512895094
0.1 0.0054592896590160605
0.03333333333333333 0.00017452006980802793
0.0 0.0
0.13333333333333333 0.002078245828245828
0.03333333333333333 0.0006666666666666666
0.06666666666666667 0.0016674683341350008
0.1 0.00496031746031746
0.16666666666666666 0.008536644165863066
0.06666666666666667 0.0014998314796090327
0.0 0.0
0.03333333333333333 0.0003508771929824561
0.06666666666666667 0.0016366612111292963
0.13333333333333333 0.0052279202279202274
0.1 0.002514959880320958
0.0 0.0
0.03333333333333333 0.00011494252873563218
0.06666666666666667 0.004285714285714286
0.0 0.0
0.06666666666666667 0.0011728395061728393
0.03333333333333333 0.0033333333333333335
0.03333333333333333 0.00010193679918450561
0.03333333333333333 0.000980392156862745
0.06666666666666667 0.002731326644370123
0.03333333333333333 0.0001949317738791423
0.03333333333333333 0.0013333333333333333
0.13333333333333333 0.0040590203743188814
0.13333333333333333 0.004960317460317459
0.1 0.0016110412884606433
0.0 0.0
0.03333333333333333 0.00011299435028248587
0.13333333333333333 0.0025017596782302668
0.03333333333333333 0.001282051282051282
0.03333333333333333 0.0009523809523809524
0.1 0.0015823429679985652
0.1 0.0029542679542679546
0.03333333333333333 0.002564102564102564
0.1 0.0017013603141024672
0.0 0.0
0.13333333333333333 0.0029102301207564367
0.06666666666666667 0.001435270132517839
0.06666666666666667 0.0011952764976958525
0.06666666666666667 0.0016513560804899386
0.06666666666666667 0.0008203607610575735
0.06666666666666667 0.002839506172839506
0.0 0.0
0.06666666666666667 0.0021437198067632847
0.0 0.0
0.0 0.0
0.1 0.0031567190500450676
0.06666666666666667 0.0035555555555555553
0.1 0.003862897053195561
0.03333333333333333 0.0008547008547008547
0.13333333333333333 0.0013954923277433684
0.06666666666666667 0.0007347720045691705
0.06666666666666667 0.003036437246963563
0.0 0.0
0.06666666666666667 0.0013202614379084969
0.03333333333333333 0.0009259259259259259
0.03333333333333333 0.00026881720430107527
0.03333333333333333 0.0009523809523809524
0.0 0.0
0.03333333333333333 0.0009523809523809524
0.06666666666666667 0.0028974358974358976
0.06666666666666667 0.0018532818532818532
0.06666666666666667 0.0031105506515342585
0.03333333333333333 0.0007751937984496124
0.1 0.003546403546403546
0.1 0.0044729935073905235
0.0 0.0
0.06666666666666667 0.0013797814207650273
0.06666666666666667 0.0025106837606837604
0.03333333333333333 0.0004901960784313725
0.0 0.0
0.1 0.0021069839251657433
0.1 0.006738934056007226
0.06666666666666667 0.0009579000291074594
0.06666666666666667 0.0024828891801368866
0.06666666666666667 0.0009417989417989418
0.06666666666666667 0.0014087301587301588
0.0 0.0
0.03333333333333333 0.00011494252873563218
0.03333333333333333 9.363295880149813e-05
0.03333333333333333 0.0006802721088435374
0.03333333333333333 0.0002754820936639119
0.03333333333333333 0.0009523809523809524
0.0 0.0
0.03333333333333333 0.000980392156862745
0.03333333333333333 0.00045662100456621003
0.03333333333333333 0.00035460992907801415
0.06666666666666667 0.0012668463611859838
0.03333333333333333 0.0047619047619047615
0.03333333333333333 0.000980392156862745
0.03333333333333333 0.000980392156862745
0.0 0.0
0.03333333333333333 0.0011904761904761904
0.06666666666666667 0.0022314814814814814
0.06666666666666667 0.004285714285714286
0.06666666666666667 0.001949317738791423
0.1 0.005233990147783252
0.0 0.0
0.03333333333333333 0.0009009009009009009
0.06666666666666667 0.0024725274725274724
0.03333333333333333 0.0001360544217687075
0.0 0.0
0.1 0.003915343915343915
0.0 0.0
0.06666666666666667 0.001987906273620559
0.06666666666666667 0.003928571428571429
0.1 0.0013300016976487564
0.0 0.0
0.1 0.0033303363303363305
0.06666666666666667 0.0016666666666666666
0.03333333333333333 0.0023809523809523807
0.0 0.0
0.06666666666666667 0.0027777777777777775
0.0 0.0
0.0 0.0
0.06666666666666667 0.0015359477124183007
0.06666666666666667 0.0016206896551724137
0.06666666666666667 0.001728110599078341
0.03333333333333333 0.0002976190476190476
0.13333333333333333 0.005994397759103642
0.03333333333333333 0.0006172839506172839
0.0 0.0
0.03333333333333333 0.0003367003367003367
0.0 0.0
0.03333333333333333 0.0023809523809523807
0.06666666666666667 0.0038797814207650275
0.13333333333333333 0.0028731697788196013
0.1 0.004333333333333333
0.1 0.006944444444444444
0.03333333333333333 0.00065359477124183
0.03333333333333333 0.0003787878787878788
0.03333333333333333 0.000980392156862745
0.13333333333333333 0.008652319902319901
0.03333333333333333 0.0011904761904761904
0.0 0.0
0.06666666666666667 0.0010308028134853261
0.03333333333333333 0.0004219409282700422
0.06666666666666667 0.0004165552882473492
0.03333333333333333 0.0013333333333333333
0.0 0.0
0.03333333333333333 0.0001488095238095238
0.0 0.0
0.0 0.0
0.03333333333333333 0.0009009009009009009
0.0 0.0
0.13333333333333333 0.003058690019046218
0.06666666666666667 0.0037606837606837607
0.06666666666666667 0.0003563905815090649
0.13333333333333333 0.003928237961851407
0.0 0.0
0.06666666666666667 0.002012012012012012
0.0 0.0
0.03333333333333333 0.0007575757575757576
0.06666666666666667 0.003273809523809524
0.03333333333333333 0.0013888888888888887
0.03333333333333333 0.0008547008547008547
0.0 0.0
0.03333333333333333 0.0003508771929824561
0.13333333333333333 0.004578275754746342
0.06666666666666667 0.0010456885456885457
0.0 0.0
0.13333333333333333 0.001418229537615223
0.06666666666666667 0.0017275747508305646
0.06666666666666667 0.0028935185185185184
0.06666666666666667 0.000577827969132317
0.03333333333333333 0.0012345679012345679
0.03333333333333333 0.00031446540880503143
0.06666666666666667 0.003532608695652174
0.1 0.0022127785872322055
0.1 0.0023671679197994986
0.06666666666666667 0.0009162073044879056
0.0 0.0
0.03333333333333333 0.0009523809523809524
0.06666666666666667 0.001442577030812325
0.03333333333333333 0.0015873015873015873
0.06666666666666667 0.0028381642512077293
0.2 0.005284518528751157
0.13333333333333333 0.0032987006065003086
0.1 0.0027804441934876716
0.0 0.0
0.03333333333333333 0.0016666666666666668
0.03333333333333333 0.0005376344086021505
0.1 0.004067933981727085
0.03333333333333333 0.0009009009009009009
0.1 0.0029997567353889187
0.06666666666666667 0.0047619047619047615
0.06666666666666667 0.00127256820170206
0.1 0.003331993838322952
0.0 0.0
0.0 0.0
0.1 0.0021406381751209336
0.06666666666666667 0.0014795845781761276
0.1 0.002603768780239368
0.1 0.0025683818882569183
0.0 0.0
0.1 0.0013358266377968254
0.06666666666666667 0.001482142857142857
0.03333333333333333 0.0008547008547008547
0.0 0.0
0.0 0.0
0.13333333333333333 0.010622471210706504
0.1 0.0018925291635641598
0.1 0.0021205221615057676
0.03333333333333333 0.0007751937984496124
0.06666666666666667 0.004517543859649123
0.03333333333333333 0.000641025641025641
0.06666666666666667 0.0024296675191815857
0.0 0.0
0.1 0.004313725490196078
0.16666666666666666 0.003685387565565095
0.0 0.0
0.1 0.005407407407407407
0.06666666666666667 0.0021708683473389352
0.03333333333333333 0.0023809523809523807
0.03333333333333333 0.0009523809523809524
0.1 0.002370486656200942
0.06666666666666667 0.0022413793103448275
0.06666666666666667 0.0011163853727144866
0.06666666666666667 0.0010338345864661653
0.0 0.0
0.13333333333333333 0.003948819556009628
0.0 0.0
0.1 0.0049941724941724944
0.1 0.004405174405174406
0.13333333333333333 0.004881106314854783
0.1 0.0029300945967612635
0.0 0.0
0.0 0.0
0.1 0.0067857142857142855
0.06666666666666667 0.001544518473652332
0.03333333333333333 0.0047619047619047615
0.03333333333333333 0.000196078431372549
0.0 0.0
0.0 0.0
0.06666666666666667 0.004484126984126984
0.0 0.0
0.1 0.005623249299719888
0.03333333333333333 0.0008771929824561403
0.06666666666666667 0.0002828087974374546
0.0 0.0
0.06666666666666667 0.0009483338135023528
0.13333333333333333 0.0035563973063973066
0.06666666666666667 0.0014255765199161425
0.03333333333333333 0.0014492753623188406
0.06666666666666667 0.003675213675213675
0.13333333333333333 0.004748716576121684
0.1 0.0042658730158730155
0.16666666666666666 0.003292492062289228
0.03333333333333333 0.000546448087431694
0.03333333333333333 0.00015797788309636652
0.1 0.0016144343395528232
0.03333333333333333 0.000980392156862745
0.03333333333333333 0.0004901960784313725
0.03333333333333333 0.0017543859649122805
0.03333333333333333 0.0033333333333333335
0.06666666666666667 0.0025245441795231417
0.13333333333333333 0.002419991621095696
0.03333333333333333 0.0004065040650406504
0.03333333333333333 0.00045045045045045046
0.06666666666666667 0.003671497584541063
0.06666666666666667 0.002393162393162393
0.1 0.00306553911205074
0.03333333333333333 0.00028011204481792715
0.0 0.0
0.16666666666666666 0.006337297665898071
0.03333333333333333 0.0013333333333333333
0.06666666666666667 0.0039743589743589745
0.06666666666666667 0.0012134923899629782
0.1 0.0010130158788048246
0.0 0.0
0.0 0.0
0.06666666666666667 0.0005312843959021251
0.06666666666666667 0.0004710701484895034
0.03333333333333333 0.0001926782273603083
0.0 0.0
0.03333333333333333 0.0011904761904761904
0.03333333333333333 0.0003174603174603175
0.1 0.006214848143982001
0.03333333333333333 0.000980392156862745
0.06666666666666667 0.0015681003584229391
0.06666666666666667 0.0037899543378995437
0.03333333333333333 0.00101010101010101
0.16666666666666666 0.0037599179836903074
0.0 0.0
0.03333333333333333 0.001282051282051282
0.1 0.0031530190239867657
0.0 0.0
0.13333333333333333 0.004768184196755625
0.0 0.0
0.13333333333333333 0.0055919312169312166
0.13333333333333333 0.0030204238770130246
0.03333333333333333 0.0003333333333333333
0.16666666666666666 0.00400976169968418
0.13333333333333333 0.0043202614379084965
0.06666666666666667 0.0007448607858443925
0.06666666666666667 0.0019394714407502131
0.0 0.0
0.0 0.0
0.06666666666666667 0.0009829059829059828
0.1 0.0038530465949820785
0.1 0.0026070505721668513
0.1 0.0020422983414162244
0.06666666666666667 0.0016762452107279692
0.1 0.0014741357174115103
0.03333333333333333 0.0014492753623188406
0.06666666666666667 0.0014011489421325485
0.1 0.0028809769521843825
0.0 0.0
0.0 0.0
0.03333333333333333 0.0015873015873015873
0.06666666666666667 0.0022222222222222222
0.06666666666666667 0.0015271765271765271
0.06666666666666667 0.00033613445378151256
0.03333333333333333 0.0008771929824561403
0.03333333333333333 0.0006172839506172839
0.13333333333333333 0.0020577331990375473
0.03333333333333333 0.0006944444444444444
0.06666666666666667 0.0021428571428571425
0.1 0.0028668649358304533
0.0 0.0
0.06666666666666667 0.0007317801672640382
0.03333333333333333 0.0033333333333333335
0.1 0.006837606837606838
0.0 0.0
0.1 0.0029717813051146386
0.1 0.0029064841968067774
0.03333333333333333 0.00042735042735042735
0.03333333333333333 0.0003333333333333333
0.03333333333333333 0.00045662100456621003
0.06666666666666667 0.002492877492877493
0.1 0.0018149852533606034
0.0 0.0
0.06666666666666667 0.001264720942140297
0.0 0.0
0.03333333333333333 0.0011904761904761904
0.0 0.0
0.1 0.005238095238095238
0.06666666666666667 0.004343434343434344
0.03333333333333333 0.004166666666666667
0.06666666666666667 0.0026090868196131352
0.06666666666666667 0.0009718938796952982
0.03333333333333333 0.0003367003367003367
0.13333333333333333 0.003014183528889411
0.06666666666666667 0.0015270935960591133
0.03333333333333333 0.00014492753623188405
0.1 0.0008897011184504312
0.06666666666666667 0.0012278630460448641
0.0 0.0
0.06666666666666667 0.0009498480243161094
0.03333333333333333 0.0009259259259259259
0.1 0.003394777265745008
0.1 0.004487967229902714
0.03333333333333333 0.0011904761904761904
0.03333333333333333 0.001282051282051282
0.03333333333333333 0.00028011204481792715
0.0 0.0
0.1 0.004047334584968994
0.03333333333333333 0.0005555555555555556
0.06666666666666667 0.0002729204118319987
0.06666666666666667 0.0006048166392993979
0.06666666666666667 0.0009743589743589745
0.03333333333333333 0.0007092198581560283
0.06666666666666667 0.002869352869352869
0.03333333333333333 0.0008547008547008547
0.06666666666666667 0.000855090062740336
0.06666666666666667 0.002091503267973856
0.03333333333333333 0.0022222222222222222
0.03333333333333333 0.0013333333333333333
0.03333333333333333 0.00010193679918450561
0.0 0.0
0.06666666666666667 0.0008304988662131519
0.06666666666666667 0.0023809523809523807
0.1 0.0015943501528019697
0.03333333333333333 0.0023809523809523807
0.03333333333333333 0.00042735042735042735
0.0 0.0
0.1 0.0020088819226750263
0.06666666666666667 0.001110358835477319
0.06666666666666667 0.001496138996138996
0.03333333333333333 0.0007246376811594203
0.03333333333333333 0.0018518518518518517
0.0 0.0
0.0 0.0
0.0 0.0
0.06666666666666667 0.0024603174603174604
0.03333333333333333 0.000980392156862745
0.0 0.0
0.1 0.0019129985271914309
0.03333333333333333 0.0011904761904761904
0.1 0.0020655534941249223
0.1 0.002261904761904762
0.06666666666666667 0.001935483870967742
0.03333333333333333 0.00065359477124183
0.06666666666666667 0.002210526315789474
0.13333333333333333 0.003453900897082715
0.0 0.0
0.03333333333333333 0.0003508771929824561
0.0 0.0
0.0 0.0
0.06666666666666667 0.0034814814814814817
0.03333333333333333 0.0001360544217687075
0.06666666666666667 0.0009678720258099207
0.0 0.0
0.1 0.002193236870656226
0.03333333333333333 0.004166666666666667
0.1 0.003491310242820165
0.06666666666666667 0.000714078584891982
0.1 0.0029379221989284878
0.03333333333333333 0.0023809523809523807
0.0 0.0
0.03333333333333333 0.0012345679012345679
0.1 0.0038308913308913307
0.06666666666666667 0.005595238095238095
0.0 0.0
0.13333333333333333 0.005620971620971621
0.1 0.004883720930232558
0.06666666666666667 0.0023456790123456786
0.03333333333333333 0.0007751937984496124
0.03333333333333333 0.0007751937984496124
0.06666666666666667 0.0020892687559354224
0.06666666666666667 0.001150793650793651
0.06666666666666667 0.003036576949620428
0.06666666666666667 0.0019540229885057474
0.0 0.0
0.0 0.0
0.1 0.0021648351648351646
0.03333333333333333 0.001282051282051282
0.03333333333333333 0.0002754820936639119
0.06666666666666667 0.0035164835164835165
